#Tap changer table (blocaux_20200925_1445_reduite/InitialState)
#"variant" "num" "tap" "var ratio" "x (pu)" "angle (rad)" "fault" "curative"
1 1 1 1.00066 -0.00554017 0.00000 0 0
1 1 2 0.957240 -0.00554017 0.00000 0 0
1 1 3 0.917760 -0.00554017 0.00000 0 0
1 2 1 1.00066 -0.00644044 0.00000 0 0
1 2 2 0.957240 -0.00644044 0.00000 0 0
1 2 3 0.917760 -0.00644044 0.00000 0 0
1 3 1 1.00000 0.0328255 0.00000 0 0
1 4 1 1.00000 0.0324792 0.00000 0 0
1 5 1 1.05600 0.112593 0.00000 0 0
1 5 2 1.04674 0.112593 0.00000 0 0
1 5 3 1.03748 0.112593 0.00000 0 0
1 5 4 1.02822 0.112593 0.00000 0 0
1 5 5 1.01896 0.112593 0.00000 0 0
1 5 6 1.00969 0.112593 0.00000 0 0
1 5 7 1.00043 0.112593 0.00000 0 0
1 5 8 0.991170 0.112593 0.00000 0 0
1 5 9 0.981910 0.112593 0.00000 0 0
1 5 10 0.972650 0.112593 0.00000 0 0
1 5 11 0.963390 0.112593 0.00000 0 0
1 5 12 0.954130 0.112593 0.00000 0 0
1 5 13 0.944870 0.112593 0.00000 0 0
1 5 14 0.935610 0.112593 0.00000 0 0
1 5 15 0.926340 0.112593 0.00000 0 0
1 5 16 0.917080 0.112593 0.00000 0 0
1 5 17 0.907940 0.112593 0.00000 0 0
1 5 18 0.898810 0.112593 0.00000 0 0
1 5 19 0.889670 0.112593 0.00000 0 0
1 5 20 0.880530 0.112593 0.00000 0 0
1 5 21 0.871390 0.112593 0.00000 0 0
1 5 22 0.862250 0.112593 0.00000 0 0
1 5 23 0.853110 0.112593 0.00000 0 0
1 5 24 0.843970 0.112593 0.00000 0 0
1 5 25 0.834830 0.112593 0.00000 0 0
1 5 26 0.825690 0.112593 0.00000 0 0
1 5 27 0.816560 0.112593 0.00000 0 0
1 5 28 0.807420 0.112593 0.00000 0 0
1 5 29 0.798280 0.112593 0.00000 0 0
1 5 30 0.789140 0.112593 0.00000 0 0
1 5 31 0.780000 0.112593 0.00000 0 0
1 6 1 1.07526 0.160111 0.00000 0 0
1 6 2 1.06559 0.160111 0.00000 0 0
1 6 3 1.05592 0.160111 0.00000 0 0
1 6 4 1.04625 0.160111 0.00000 0 0
1 6 5 1.03658 0.160111 0.00000 0 0
1 6 6 1.02691 0.160111 0.00000 0 0
1 6 7 1.01724 0.160111 0.00000 0 0
1 6 8 1.00757 0.160111 0.00000 0 0
1 6 9 0.997890 0.160111 0.00000 0 0
1 6 10 0.988220 0.160111 0.00000 0 0
1 6 11 0.978550 0.160111 0.00000 0 0
1 6 12 0.968880 0.160111 0.00000 0 0
1 6 13 0.959210 0.160111 0.00000 0 0
1 6 14 0.949540 0.160111 0.00000 0 0
1 6 15 0.939870 0.160111 0.00000 0 0
1 6 16 0.930200 0.160111 0.00000 0 0
1 6 17 0.920530 0.160111 0.00000 0 0
1 6 18 0.910860 0.160111 0.00000 0 0
1 6 19 0.901180 0.160111 0.00000 0 0
1 6 20 0.891510 0.160111 0.00000 0 0
1 6 21 0.881840 0.160111 0.00000 0 0
1 6 22 0.872170 0.160111 0.00000 0 0
1 6 23 0.862500 0.160111 0.00000 0 0
1 6 24 0.852830 0.160111 0.00000 0 0
1 6 25 0.843160 0.160111 0.00000 0 0
1 7 1 1.07526 0.160319 0.00000 0 0
1 7 2 1.06559 0.160319 0.00000 0 0
1 7 3 1.05592 0.160319 0.00000 0 0
1 7 4 1.04625 0.160319 0.00000 0 0
1 7 5 1.03658 0.160319 0.00000 0 0
1 7 6 1.02691 0.160319 0.00000 0 0
1 7 7 1.01724 0.160319 0.00000 0 0
1 7 8 1.00757 0.160319 0.00000 0 0
1 7 9 0.997890 0.160319 0.00000 0 0
1 7 10 0.988220 0.160319 0.00000 0 0
1 7 11 0.978550 0.160319 0.00000 0 0
1 7 12 0.968880 0.160319 0.00000 0 0
1 7 13 0.959210 0.160319 0.00000 0 0
1 7 14 0.949540 0.160319 0.00000 0 0
1 7 15 0.939870 0.160319 0.00000 0 0
1 7 16 0.930200 0.160319 0.00000 0 0
1 7 17 0.920530 0.160319 0.00000 0 0
1 7 18 0.910860 0.160319 0.00000 0 0
1 7 19 0.901180 0.160319 0.00000 0 0
1 7 20 0.891510 0.160319 0.00000 0 0
1 7 21 0.881840 0.160319 0.00000 0 0
1 7 22 0.872170 0.160319 0.00000 0 0
1 7 23 0.862500 0.160319 0.00000 0 0
1 7 24 0.852830 0.160319 0.00000 0 0
1 7 25 0.843160 0.160319 0.00000 0 0
1 8 1 1.00066 -0.0110803 0.00000 0 0
1 8 2 0.957240 -0.0110803 0.00000 0 0
1 8 3 0.917760 -0.0110803 0.00000 0 0
1 9 1 1.00066 -0.00803324 0.00000 0 0
1 9 2 0.957240 -0.00803324 0.00000 0 0
1 9 3 0.917760 -0.00803324 0.00000 0 0
1 10 1 1.00000 0.0381579 0.00000 0 0
1 11 1 1.00000 0.0352493 0.00000 0 0
1 12 1 1.00000 -0.00450139 0.00000 0 0
1 12 2 0.956000 -0.00450139 0.00000 0 0
1 12 3 0.913000 -0.00450139 0.00000 0 0
1 13 1 1.00000 -0.00644044 0.00000 0 0
1 13 2 0.956000 -0.00644044 0.00000 0 0
1 13 3 0.913000 -0.00644044 0.00000 0 0
1 14 1 1.00000 0.0292936 0.00000 0 0
1 15 1 1.00000 0.0315097 0.00000 0 0
1 16 1 1.00600 -0.00512465 0.00000 0 0
1 16 2 0.959000 -0.00512465 0.00000 0 0
1 17 1 1.00600 0.0486150 0.00000 0 0
1 17 2 0.959000 0.0486150 0.00000 0 0
1 18 1 1.00000 0.0488920 0.00000 0 0
1 19 1 1.00000 -0.00450139 0.00000 0 0
1 19 2 0.956000 -0.00450139 0.00000 0 0
1 19 3 0.913000 -0.00450139 0.00000 0 0
1 20 1 1.00000 -0.00644044 0.00000 0 0
1 20 2 0.956000 -0.00644044 0.00000 0 0
1 20 3 0.913000 -0.00644044 0.00000 0 0
1 21 1 1.00000 0.0292936 0.00000 0 0
1 22 1 1.00000 0.0315097 0.00000 0 0
1 23 1 0.999300 -0.0105956 0.00000 0 0
1 23 2 0.957450 -0.0105956 0.00000 0 0
1 24 1 0.999300 -0.0108726 0.00000 0 0
1 24 2 0.957450 -0.0108726 0.00000 0 0
1 25 1 1.00000 0.0529778 0.00000 0 0
1 26 1 1.00000 0.0529086 0.00000 0 0
1 27 1 1.00600 -0.0109418 0.00000 0 0
1 27 2 0.959000 -0.0109418 0.00000 0 0
1 28 1 1.00000 -0.0108726 0.00000 0 0
1 28 2 0.959000 -0.0108726 0.00000 0 0
1 28 3 0.917000 -0.0108726 0.00000 0 0
1 29 1 1.00000 -0.00775623 0.00000 0 0
1 29 2 0.959000 -0.00775623 0.00000 0 0
1 29 3 0.917000 -0.00775623 0.00000 0 0
1 30 1 1.00000 -0.00761773 0.00000 0 0
1 30 2 0.959000 -0.00761773 0.00000 0 0
1 30 3 0.917000 -0.00761773 0.00000 0 0
1 31 1 1.00600 -0.00941828 0.00000 0 0
1 31 2 0.959000 -0.00941828 0.00000 0 0
1 32 1 1.00000 0.0527701 0.00000 0 0
1 33 1 1.00000 0.0382964 0.00000 0 0
1 34 1 1.00000 0.0351801 0.00000 0 0
1 35 1 1.00000 0.0346953 0.00000 0 0
1 36 1 1.00000 0.0529778 0.00000 0 0
1 37 1 0.998880 -0.0112881 0.00000 0 0
1 37 2 0.957450 -0.0112881 0.00000 0 0
1 38 1 1.00066 -0.00547091 0.00000 0 0
1 38 2 0.957450 -0.00547091 0.00000 0 0
1 39 1 1.00000 0.0542936 0.00000 0 0
1 40 1 1.00000 0.0545706 0.00000 0 0
1 41 1 1.00000 -0.00775623 0.00000 0 0
1 41 2 0.959000 -0.00775623 0.00000 0 0
1 41 3 0.917000 -0.00775623 0.00000 0 0
1 42 1 1.00000 -0.00768698 0.00000 0 0
1 42 2 0.959000 -0.00768698 0.00000 0 0
1 42 3 0.917000 -0.00768698 0.00000 0 0
1 43 1 1.00000 -0.00747923 0.00000 0 0
1 43 2 0.959000 -0.00747923 0.00000 0 0
1 43 3 0.917000 -0.00747923 0.00000 0 0
1 44 1 1.00000 0.0350416 0.00000 0 0
1 45 1 1.00000 0.0350416 0.00000 0 0
1 46 1 1.00000 0.0347645 0.00000 0 0
1 47 1 1.00066 -0.00519391 0.00000 0 0
1 47 2 0.957240 -0.00519391 0.00000 0 0
1 47 3 0.917760 -0.00519391 0.00000 0 0
1 48 1 1.00066 0.0274931 0.00000 0 0
1 48 2 0.957240 0.0274931 0.00000 0 0
1 48 3 0.917760 0.0274931 0.00000 0 0
1 49 1 1.00000 0.0285319 0.00000 0 0
1 50 1 1.00400 -0.00547091 0.00000 0 0
1 50 2 0.956000 -0.00547091 0.00000 0 0
1 51 1 1.00000 0.0328947 0.00000 0 0
1 52 1 0.998000 -0.00754848 0.00000 0 0
1 52 2 0.955000 -0.00754848 0.00000 0 0
1 52 3 0.912000 -0.00754848 0.00000 0 0
1 53 1 1.00400 -0.00484765 0.00000 0 0
1 53 2 0.956000 -0.00484765 0.00000 0 0
1 54 1 1.00000 0.0342798 0.00000 0 0
1 55 1 1.00000 0.0531856 0.00000 0 0
1 56 1 1.04200 -0.0101801 0.00000 0 0
1 56 2 1.00000 -0.0101801 0.00000 0 0
1 56 3 0.959000 -0.0101801 0.00000 0 0
1 57 1 1.00000 0.0589335 0.00000 0 0
1 58 1 1.04500 -0.00334488 0.00000 0 0
1 58 2 1.00000 -0.00334488 0.00000 0 0
1 58 3 0.955000 -0.00334488 0.00000 0 0
1 59 1 1.00066 -0.00567867 0.00000 0 0
1 59 2 0.957240 -0.00567867 0.00000 0 0
1 59 3 0.917760 -0.00567867 0.00000 0 0
1 60 1 1.00000 0.0297091 0.00000 0 0
1 61 1 1.00000 0.0331025 0.00000 0 0
1 62 1 1.00066 -0.00373961 0.00000 0 0
1 62 2 0.957240 -0.00373961 0.00000 0 0
1 62 3 0.917760 -0.00373961 0.00000 0 0
1 63 1 1.00066 0.0277701 0.00000 0 0
1 63 2 0.957240 0.0277701 0.00000 0 0
1 63 3 0.917760 0.0277701 0.00000 0 0
1 64 1 1.00000 0.0261773 0.00000 0 0
1 65 1 1.00000 -0.00616343 0.00000 0 0
1 65 2 0.959000 -0.00616343 0.00000 0 0
1 65 3 0.917000 -0.00616343 0.00000 0 0
1 66 1 1.00000 0.0248615 0.00000 0 0
1 66 2 0.959000 0.0248615 0.00000 0 0
1 66 3 0.917000 0.0248615 0.00000 0 0
1 67 1 1.00000 0.0311634 0.00000 0 0
1 68 1 1.00000 0.148346 0.00000 0 0
1 69 1 1.00066 -0.00768698 0.00000 0 0
1 69 2 0.957240 -0.00768698 0.00000 0 0
1 69 3 0.917760 -0.00768698 0.00000 0 0
1 70 1 1.00066 0.0275623 0.00000 0 0
1 70 2 0.957240 0.0275623 0.00000 0 0
1 70 3 0.917760 0.0275623 0.00000 0 0
1 71 1 1.00000 0.0348338 0.00000 0 0
1 72 1 0.999470 -0.00376731 0.00000 0 0
1 72 2 0.957240 -0.00376731 0.00000 0 0
1 72 3 0.915390 -0.00376731 0.00000 0 0
1 73 1 1.00000 0.0306648 0.00000 0 0
1 74 1 0.999000 -0.00851801 0.00000 0 0
1 74 2 0.957000 -0.00851801 0.00000 0 0
1 74 3 0.915000 -0.00851801 0.00000 0 0
1 75 1 1.00000 0.0361773 0.00000 0 0
1 76 1 1.00000 -0.0112188 0.00000 0 0
1 76 2 0.956000 -0.0112188 0.00000 0 0
1 76 3 0.913000 -0.0112188 0.00000 0 0
1 77 1 1.00000 -0.00768698 0.00000 0 0
1 77 2 0.956000 -0.00768698 0.00000 0 0
1 77 3 0.913000 -0.00768698 0.00000 0 0
1 78 1 1.00000 0.0387811 0.00000 0 0
1 79 1 1.00000 0.0349030 0.00000 0 0
1 80 1 1.00066 -0.00588643 0.00000 0 0
1 80 2 0.957450 -0.00588643 0.00000 0 0
1 81 1 0.999470 -0.00907202 0.00000 0 0
1 81 2 0.957450 -0.00907202 0.00000 0 0
1 82 1 1.00066 0.0272161 0.00000 0 0
1 82 2 0.957240 0.0272161 0.00000 0 0
1 82 3 0.917760 0.0272161 0.00000 0 0
1 83 1 1.00000 0.0538089 0.00000 0 0
1 84 1 1.00000 0.0527701 0.00000 0 0
1 85 1 1.00000 -0.0112188 0.00000 0 0
1 85 2 0.959000 -0.0112188 0.00000 0 0
1 85 3 0.917000 -0.0112188 0.00000 0 0
1 86 1 1.00000 -0.0110111 0.00000 0 0
1 86 2 0.959000 -0.0110111 0.00000 0 0
1 87 1 1.00000 -0.00519391 0.00000 0 0
1 87 2 0.959000 -0.00519391 0.00000 0 0
1 87 3 0.917000 -0.00519391 0.00000 0 0
1 88 1 1.00000 -0.0114958 0.00000 0 0
1 88 2 0.959000 -0.0114958 0.00000 0 0
1 88 3 0.917000 -0.0114958 0.00000 0 0
1 89 1 1.00000 0.0382964 0.00000 0 0
1 90 1 1.00000 0.0534626 0.00000 0 0
1 91 1 1.00000 0.0320637 0.00000 0 0
1 92 1 1.00000 0.0384349 0.00000 0 0
1 93 1 1.00000 0.147753 0.00000 0 0
1 94 1 1.00066 -0.00547091 0.00000 0 0
1 94 2 0.957240 -0.00547091 0.00000 0 0
1 94 3 0.917760 -0.00547091 0.00000 0 0
1 95 1 1.00066 -0.00540166 0.00000 0 0
1 95 2 0.957240 -0.00540166 0.00000 0 0
1 95 3 0.917760 -0.00540166 0.00000 0 0
1 96 1 1.00066 0.0273546 0.00000 0 0
1 96 2 0.957240 0.0273546 0.00000 0 0
1 96 3 0.917760 0.0273546 0.00000 0 0
1 97 1 1.00000 0.0328255 0.00000 0 0
1 98 1 1.00000 0.0325485 0.00000 0 0
1 99 1 1.05395 -0.0144044 0.00000 0 0
1 99 2 1.00000 -0.0144044 0.00000 0 0
1 99 3 0.959210 -0.0144044 0.00000 0 0
1 100 1 0.999470 -0.00574100 0.00000 0 0
1 100 2 0.957240 -0.00574100 0.00000 0 0
1 100 3 0.915390 -0.00574100 0.00000 0 0
1 101 1 0.999470 0.0271676 0.00000 0 0
1 101 2 0.957240 0.0271676 0.00000 0 0
1 101 3 0.915390 0.0271676 0.00000 0 0
1 102 1 1.00000 0.0506233 0.00000 0 0
1 103 1 1.00000 0.0330332 0.00000 0 0
1 104 1 1.00000 -0.00429363 0.00000 0 0
1 104 2 0.956000 -0.00429363 0.00000 0 0
1 104 3 0.913000 -0.00429363 0.00000 0 0
1 105 1 1.00000 -0.00623269 0.00000 0 0
1 105 2 0.956000 -0.00623269 0.00000 0 0
1 105 3 0.913000 -0.00623269 0.00000 0 0
1 106 1 1.00000 0.0290859 0.00000 0 0
1 107 1 1.00000 0.0312327 0.00000 0 0
1 108 1 1.00000 -0.00789474 0.00000 0 0
1 108 2 0.959000 -0.00789474 0.00000 0 0
1 108 3 0.917000 -0.00789474 0.00000 0 0
1 109 1 1.00000 -0.00540166 0.00000 0 0
1 109 2 0.959000 -0.00540166 0.00000 0 0
1 109 3 0.917000 -0.00540166 0.00000 0 0
1 110 1 1.00000 -0.00796399 0.00000 0 0
1 110 2 0.959000 -0.00796399 0.00000 0 0
1 110 3 0.917000 -0.00796399 0.00000 0 0
1 111 1 1.00000 0.0270776 0.00000 0 0
1 111 2 0.959000 0.0270776 0.00000 0 0
1 111 3 0.911000 0.0270776 0.00000 0 0
1 112 1 1.00000 0.0351800 0.00000 0 0
1 113 1 1.00000 0.0327562 0.00000 0 0
1 114 1 1.00000 0.0347645 0.00000 0 0
1 115 1 1.00000 -0.00554017 0.00000 0 0
1 115 2 0.956000 -0.00554017 0.00000 0 0
1 115 3 0.913000 -0.00554017 0.00000 0 0
1 116 1 1.00000 0.0273546 0.00000 0 0
1 116 2 0.956000 0.0273546 0.00000 0 0
1 116 3 0.913000 0.0273546 0.00000 0 0
1 117 1 1.00000 0.0332410 0.00000 0 0
1 118 1 1.00000 -0.00457064 0.00000 0 0
1 118 2 0.956000 -0.00457064 0.00000 0 0
1 118 3 0.913000 -0.00457064 0.00000 0 0
1 119 1 1.00000 -0.00457064 0.00000 0 0
1 119 2 0.956000 -0.00457064 0.00000 0 0
1 119 3 0.913000 -0.00457064 0.00000 0 0
1 120 1 1.00000 0.0245845 0.00000 0 0
1 120 2 0.956000 0.0245845 0.00000 0 0
1 120 3 0.913000 0.0245845 0.00000 0 0
1 121 1 1.00000 0.0288781 0.00000 0 0
1 122 1 1.00000 0.0295706 0.00000 0 0
1 123 1 1.03974 -0.00633656 0.00000 0 0
1 123 2 0.999180 -0.00633656 0.00000 0 0
1 123 3 0.955660 -0.00633656 0.00000 0 0
1 124 1 0.999300 -0.00927978 0.00000 0 0
1 124 2 0.957450 -0.00927978 0.00000 0 0
1 125 1 1.00000 0.0508241 0.00000 0 0
1 126 1 1.00000 0.0536011 0.00000 0 0
1 127 1 0.998290 -0.00955679 0.00000 0 0
1 127 2 0.957450 -0.00955679 0.00000 0 0
1 128 1 0.999470 -0.00900277 0.00000 0 0
1 128 2 0.957450 -0.00900277 0.00000 0 0
1 129 1 0.999470 -0.00831025 0.00000 0 0
1 129 2 0.957240 -0.00831025 0.00000 0 0
1 129 3 0.915390 -0.00831025 0.00000 0 0
1 130 1 1.00000 0.0540859 0.00000 0 0
1 131 1 1.00000 0.0529086 0.00000 0 0
1 132 1 1.00000 0.0359765 0.00000 0 0
1 133 1 1.00000 -0.00595568 0.00000 0 0
1 133 2 0.959000 -0.00595568 0.00000 0 0
1 133 3 0.917000 -0.00595568 0.00000 0 0
1 134 1 1.00000 0.0277008 0.00000 0 0
1 134 2 0.959000 0.0277008 0.00000 0 0
1 134 3 0.917000 0.0277008 0.00000 0 0
1 135 1 1.00000 0.0329640 0.00000 0 0
1 136 1 1.00000 -0.00786173 0.00000 0 0
1 137 1 1.00000 -0.00786173 0.00000 0 0
1 138 1 1.00000 -0.00463989 0.00000 0 0
1 138 2 0.959000 -0.00463989 0.00000 0 0
1 138 3 0.917000 -0.00463989 0.00000 0 0
1 139 1 1.00000 0.0249307 0.00000 0 0
1 139 2 0.959000 0.0249307 0.00000 0 0
1 139 3 0.917000 0.0249307 0.00000 0 0
1 140 1 1.00000 0.0295706 0.00000 0 0
1 141 1 1.00066 -0.0106648 0.00000 0 0
1 141 2 0.957240 -0.0106648 0.00000 0 0
1 141 3 0.917760 -0.0106648 0.00000 0 0
1 142 1 1.00066 -0.00540166 0.00000 0 0
1 142 2 0.957240 -0.00540166 0.00000 0 0
1 142 3 0.917760 -0.00540166 0.00000 0 0
1 143 1 1.00066 0.0273546 0.00000 0 0
1 143 2 0.957240 0.0273546 0.00000 0 0
1 143 3 0.917760 0.0273546 0.00000 0 0
1 144 1 1.00000 0.0379501 0.00000 0 0
1 145 1 1.00000 0.0328255 0.00000 0 0
1 146 1 1.00400 -0.00470914 0.00000 0 0
1 146 2 0.956000 -0.00470914 0.00000 0 0
1 147 1 1.00400 0.0485457 0.00000 0 0
1 147 2 0.956000 0.0485457 0.00000 0 0
1 148 1 1.00000 0.0528393 0.00000 0 0
1 149 1 1.00066 -0.00567867 0.00000 0 0
1 149 2 0.957240 -0.00567867 0.00000 0 0
1 149 3 0.917760 -0.00567867 0.00000 0 0
1 150 1 1.00066 -0.00526316 0.00000 0 0
1 150 2 0.957240 -0.00526316 0.00000 0 0
1 150 3 0.917760 -0.00526316 0.00000 0 0
1 151 1 1.00000 0.0329640 0.00000 0 0
1 152 1 1.00000 0.0326870 0.00000 0 0
1 153 1 1.00600 -0.00824100 0.00000 0 0
1 153 2 0.959000 -0.00824100 0.00000 0 0
1 154 1 1.00000 0.0250000 0.00000 0 0
1 154 2 0.959000 0.0250000 0.00000 0 0
1 154 3 0.917000 0.0250000 0.00000 0 0
1 155 1 1.00600 0.0392659 0.00000 0 0
1 155 2 0.959000 0.0392659 0.00000 0 0
1 156 1 1.00000 0.0475762 0.00000 0 0
1 157 1 1.00000 -0.00533241 0.00000 0 0
1 157 2 0.959000 -0.00533241 0.00000 0 0
1 157 3 0.917000 -0.00533241 0.00000 0 0
1 158 1 1.00000 -0.00547091 0.00000 0 0
1 158 2 0.959000 -0.00547091 0.00000 0 0
1 158 3 0.917000 -0.00547091 0.00000 0 0
1 159 1 1.00000 -0.00768698 0.00000 0 0
1 159 2 0.959000 -0.00768698 0.00000 0 0
1 159 3 0.917000 -0.00768698 0.00000 0 0
1 160 1 1.00000 -0.00789474 0.00000 0 0
1 160 2 0.959000 -0.00789474 0.00000 0 0
1 160 3 0.917000 -0.00789474 0.00000 0 0
1 161 1 1.00000 -0.0109418 0.00000 0 0
1 161 2 0.959000 -0.0109418 0.00000 0 0
1 161 3 0.917000 -0.0109418 0.00000 0 0
1 162 1 1.00000 -0.00339335 0.00000 0 0
1 162 2 0.959000 -0.00339335 0.00000 0 0
1 162 3 0.917000 -0.00339335 0.00000 0 0
1 163 1 1.00000 0.0327562 0.00000 0 0
1 164 1 1.00000 0.0328947 0.00000 0 0
1 165 1 1.00000 0.0348338 0.00000 0 0
1 166 1 1.00000 0.0348338 0.00000 0 0
1 167 1 1.00000 0.0386427 0.00000 0 0
1 168 1 1.00000 0.0304709 0.00000 0 0
1 169 1 1.00000 -0.00547091 0.00000 0 0
1 169 2 0.959000 -0.00547091 0.00000 0 0
1 169 3 0.917000 -0.00547091 0.00000 0 0
1 170 1 1.00000 0.0331717 0.00000 0 0
1 171 1 1.00066 -0.00630194 0.00000 0 0
1 171 2 0.957240 -0.00630194 0.00000 0 0
1 171 3 0.917760 -0.00630194 0.00000 0 0
1 172 1 1.00066 -0.00831025 0.00000 0 0
1 172 2 0.957240 -0.00831025 0.00000 0 0
1 172 3 0.911840 -0.00831025 0.00000 0 0
1 173 1 1.00000 0.0324792 0.00000 0 0
1 174 1 1.00000 0.0359418 0.00000 0 0
1 175 1 1.00000 0.113580 0.00000 0 0
1 176 1 1.00000 0.127407 0.00000 0 0
1 177 1 0.998880 -0.0101801 0.00000 0 0
1 177 2 0.957450 -0.0101801 0.00000 0 0
1 178 1 1.00000 0.0527701 0.00000 0 0
1 179 1 1.00000 -0.00648892 0.00000 0 0
1 179 2 0.959000 -0.00648892 0.00000 0 0
1 179 3 0.917000 -0.00648892 0.00000 0 0
1 180 1 1.00000 0.0312673 0.00000 0 0
1 181 1 1.00066 0.0269391 0.00000 0 0
1 181 2 0.957240 0.0269391 0.00000 0 0
1 181 3 0.917760 0.0269391 0.00000 0 0
1 182 1 1.00066 -0.00775623 0.00000 0 0
1 182 2 0.957240 -0.00775623 0.00000 0 0
1 182 3 0.917760 -0.00775623 0.00000 0 0
1 183 1 1.00066 -0.00754848 0.00000 0 0
1 183 2 0.957240 -0.00754848 0.00000 0 0
1 183 3 0.917760 -0.00754848 0.00000 0 0
1 184 1 1.00000 0.0346953 0.00000 0 0
1 185 1 1.00000 0.0347645 0.00000 0 0
1 186 1 1.00000 0.0273546 0.00000 0 0
1 186 2 0.959000 0.0273546 0.00000 0 0
1 186 3 0.911000 0.0273546 0.00000 0 0
1 187 1 1.00000 -0.0113573 0.00000 0 0
1 187 2 0.959000 -0.0113573 0.00000 0 0
1 187 3 0.917000 -0.0113573 0.00000 0 0
1 188 1 1.00000 -0.00740997 0.00000 0 0
1 188 2 0.959000 -0.00740997 0.00000 0 0
1 188 3 0.917000 -0.00740997 0.00000 0 0
1 189 1 1.00000 -0.00775623 0.00000 0 0
1 189 2 0.959000 -0.00775623 0.00000 0 0
1 189 3 0.917000 -0.00775623 0.00000 0 0
1 190 1 1.00000 0.0384349 0.00000 0 0
1 191 1 1.00000 0.0346260 0.00000 0 0
1 192 1 1.00000 0.0349030 0.00000 0 0
1 193 1 1.00600 -0.00893352 0.00000 0 0
1 193 2 0.959000 -0.00893352 0.00000 0 0
1 194 1 1.00600 -0.00879501 0.00000 0 0
1 194 2 0.959000 -0.00879501 0.00000 0 0
1 195 1 1.00000 0.0484072 0.00000 0 0
1 196 1 1.00000 0.0484072 0.00000 0 0
1 197 1 1.00000 -0.0112881 0.00000 0 0
1 197 2 0.959000 -0.0112881 0.00000 0 0
1 197 3 0.917000 -0.0112881 0.00000 0 0
1 198 1 1.00000 0.0273546 0.00000 0 0
1 198 2 0.959000 0.0273546 0.00000 0 0
1 198 3 0.911000 0.0273546 0.00000 0 0
1 199 1 1.00000 -0.00554017 0.00000 0 0
1 199 2 0.959000 -0.00554017 0.00000 0 0
1 199 3 0.917000 -0.00554017 0.00000 0 0
1 200 1 1.00000 0.0486842 0.00000 0 0
1 200 2 0.959000 0.0486842 0.00000 0 0
1 200 3 0.911000 0.0486842 0.00000 0 0
1 201 1 1.00000 -0.00526316 0.00000 0 0
1 201 2 0.965000 -0.00526316 0.00000 0 0
1 202 1 1.00000 0.0387119 0.00000 0 0
1 203 1 1.00000 0.0328947 0.00000 0 0
1 204 1 1.00000 0.0533241 0.00000 0 0
1 205 1 0.998290 0.0421053 0.00000 0 0
1 205 2 0.957450 0.0421053 0.00000 0 0
1 206 1 0.999470 0.0425900 0.00000 0 0
1 206 2 0.957450 0.0425900 0.00000 0 0
1 207 1 0.999470 -0.0109418 0.00000 0 0
1 207 2 0.957450 -0.0109418 0.00000 0 0
1 208 1 1.00000 0.0536704 0.00000 0 0
1 209 1 1.00000 0.0271468 0.00000 0 0
1 209 2 0.959000 0.0271468 0.00000 0 0
1 209 3 0.917000 0.0271468 0.00000 0 0
1 210 1 1.00000 0.0493560 0.00000 0 0
1 210 2 0.959000 0.0493560 0.00000 0 0
1 210 3 0.917000 0.0493560 0.00000 0 0
1 211 1 1.00000 -0.00814404 0.00000 0 0
1 211 2 0.959000 -0.00814404 0.00000 0 0
1 211 3 0.917000 -0.00814404 0.00000 0 0
1 212 1 1.00000 0.0357479 0.00000 0 0
1 213 1 1.00000 0.123654 0.00000 0 0
1 214 1 1.00000 0.0987654 0.00000 0 0
1 215 1 1.00600 0.0430748 0.00000 0 0
1 215 2 0.959000 0.0430748 0.00000 0 0
1 216 1 1.00600 0.0435596 0.00000 0 0
1 216 2 0.959000 0.0435596 0.00000 0 0
1 217 1 1.00600 -0.00422438 0.00000 0 0
1 217 2 0.959000 -0.00422438 0.00000 0 0
1 218 1 1.00000 0.0475762 0.00000 0 0
1 219 1 1.00000 0.0248615 0.00000 0 0
1 219 2 0.959000 0.0248615 0.00000 0 0
1 219 3 0.917000 0.0248615 0.00000 0 0
1 220 1 1.00000 0.0247922 0.00000 0 0
1 220 2 0.959000 0.0247922 0.00000 0 0
1 220 3 0.917000 0.0247922 0.00000 0 0
1 221 1 1.00000 -0.00595568 0.00000 0 0
1 221 2 0.959000 -0.00595568 0.00000 0 0
1 221 3 0.917000 -0.00595568 0.00000 0 0
1 222 1 1.00000 0.0310942 0.00000 0 0
1 223 1 1.00000 0.108444 0.00000 0 0
1 224 1 1.00066 0.0272161 0.00000 0 0
1 224 2 0.957240 0.0272161 0.00000 0 0
1 224 3 0.917760 0.0272161 0.00000 0 0
1 225 1 1.00066 0.0272853 0.00000 0 0
1 225 2 0.957240 0.0272853 0.00000 0 0
1 225 3 0.917760 0.0272853 0.00000 0 0
1 226 1 0.999470 -0.00445983 0.00000 0 0
1 226 2 0.957240 -0.00445983 0.00000 0 0
1 226 3 0.915390 -0.00445983 0.00000 0 0
1 227 1 1.00000 0.0313712 0.00000 0 0
1 228 1 1.00000 -0.00713297 0.00000 0 0
1 228 2 0.956000 -0.00713297 0.00000 0 0
1 228 3 0.913000 -0.00713297 0.00000 0 0
1 229 1 1.00000 -0.00560942 0.00000 0 0
1 229 2 0.956000 -0.00560942 0.00000 0 0
1 229 3 0.913000 -0.00560942 0.00000 0 0
1 230 1 1.00000 0.0337258 0.00000 0 0
1 231 1 1.00000 0.0329640 0.00000 0 0
1 232 1 1.69000 0.0404432 0.00000 0 0
1 232 2 1.62000 0.0404432 0.00000 0 0
1 232 3 1.54900 0.0404432 0.00000 0 0
1 233 1 1.00000 -0.00470914 0.00000 0 0
1 233 2 0.959000 -0.00470914 0.00000 0 0
1 233 3 0.917000 -0.00470914 0.00000 0 0
1 234 1 1.00000 0.0296399 0.00000 0 0
1 235 1 1.04200 -0.00734072 0.00000 0 0
1 235 2 0.997000 -0.00734072 0.00000 0 0
1 235 3 0.953000 -0.00734072 0.00000 0 0
1 236 1 1.04200 -0.00138504 0.00000 0 0
1 236 2 0.997000 -0.00138504 0.00000 0 0
1 236 3 0.953000 -0.00138504 0.00000 0 0
1 237 1 1.00000 0.0248615 0.00000 0 0
1 237 2 0.959000 0.0248615 0.00000 0 0
1 237 3 0.917000 0.0248615 0.00000 0 0
1 238 1 1.00000 0.0314404 0.00000 0 0
1 239 1 1.00000 0.0221607 0.00000 0 0
1 240 1 1.00600 -0.00519390 0.00000 0 0
1 240 2 0.959000 -0.00519390 0.00000 0 0
1 241 1 1.00600 0.0434211 0.00000 0 0
1 241 2 0.959000 0.0434211 0.00000 0 0
1 242 1 1.00000 0.0474377 0.00000 0 0
1 243 1 1.00000 0.0247922 0.00000 0 0
1 243 2 0.959000 0.0247922 0.00000 0 0
1 243 3 0.917000 0.0247922 0.00000 0 0
1 244 1 1.00000 -0.00630194 0.00000 0 0
1 244 2 0.959000 -0.00630194 0.00000 0 0
1 244 3 0.917000 -0.00630194 0.00000 0 0
1 245 1 1.00000 0.0313019 0.00000 0 0
1 246 1 1.00066 0.0484765 0.00000 0 0
1 246 2 0.957450 0.0484765 0.00000 0 0
1 247 1 1.00066 0.0427285 0.00000 0 0
1 247 2 0.957450 0.0427285 0.00000 0 0
1 248 1 1.00066 0.0272161 0.00000 0 0
1 248 2 0.957240 0.0272161 0.00000 0 0
1 248 3 0.917760 0.0272161 0.00000 0 0
1 249 1 1.00066 0.0270083 0.00000 0 0
1 249 2 0.957240 0.0270083 0.00000 0 0
1 249 3 0.917760 0.0270083 0.00000 0 0
1 250 1 1.00066 0.0270083 0.00000 0 0
1 250 2 0.957240 0.0270083 0.00000 0 0
1 250 3 0.917760 0.0270083 0.00000 0 0
1 251 1 1.00400 0.0424515 0.00000 0 0
1 251 2 0.956000 0.0424515 0.00000 0 0
1 252 1 1.00066 0.0268006 0.00000 0 0
1 252 2 0.957240 0.0268006 0.00000 0 0
1 252 3 0.917760 0.0268006 0.00000 0 0
1 253 1 1.00066 0.0269391 0.00000 0 0
1 253 2 0.957240 0.0269391 0.00000 0 0
1 253 3 0.917760 0.0269391 0.00000 0 0
1 254 1 1.00000 0.0172637 -0.293215 0 0
1 254 2 1.00000 0.0168292 -0.274889 0 0
1 254 3 1.00000 0.0164539 -0.256563 0 0
1 254 4 1.00000 0.0160786 -0.238237 0 0
1 254 5 1.00000 0.0157626 -0.219911 0 0
1 254 6 1.00000 0.0154268 -0.201586 0 0
1 254 7 1.00000 0.0151700 -0.183260 0 0
1 254 8 1.00000 0.0148934 -0.164934 0 0
1 254 9 1.00000 0.0146762 -0.146608 0 0
1 254 10 1.00000 0.0144391 -0.128282 0 0
1 254 11 1.00000 0.0142614 -0.109956 0 0
1 254 12 1.00000 0.0140836 -0.0916298 0 0
1 254 13 1.00000 0.0139651 -0.0733038 0 0
1 254 14 1.00000 0.0138466 -0.0549779 0 0
1 254 15 1.00000 0.0137675 -0.0366519 0 0
1 254 16 1.00000 0.0137083 -0.0183260 0 0
1 254 17 1.00000 0.0136885 0.00000 0 0
1 254 18 1.00000 0.0137083 0.0183260 0 0
1 254 19 1.00000 0.0137478 0.0366519 0 0
1 254 20 1.00000 0.0138466 0.0549779 0 0
1 254 21 1.00000 0.0139651 0.0733038 0 0
1 254 22 1.00000 0.0141231 0.0916298 0 0
1 254 23 1.00000 0.0142811 0.109956 0 0
1 254 24 1.00000 0.0144786 0.128282 0 0
1 254 25 1.00000 0.0146762 0.146608 0 0
1 254 26 1.00000 0.0149329 0.164934 0 0
1 254 27 1.00000 0.0151897 0.183260 0 0
1 254 28 1.00000 0.0154860 0.201586 0 0
1 254 29 1.00000 0.0157823 0.219911 0 0
1 254 30 1.00000 0.0161378 0.238237 0 0
1 254 31 1.00000 0.0164736 0.256563 0 0
1 254 32 1.00000 0.0168884 0.274889 0 0
1 254 33 1.00000 0.0172637 0.293215 0 0
1 255 1 1.04110 0.0491759 0.00000 0 0
1 255 2 0.999180 0.0491759 0.00000 0 0
1 255 3 0.999180 0.0491759 0.00000 0 0
1 256 1 1.04211 0.0487188 0.00000 0 0
1 256 2 0.999180 0.0487188 0.00000 0 0
1 256 3 0.959210 0.0487188 0.00000 0 0
1 257 1 1.04092 0.0487950 0.00000 0 0
1 257 2 0.999180 0.0487950 0.00000 0 0
1 257 3 0.957430 0.0487950 0.00000 0 0
1 258 1 1.11200 0.120296 0.00000 0 0
1 258 2 1.09998 0.120296 0.00000 0 0
1 258 3 1.08796 0.120296 0.00000 0 0
1 258 4 1.07594 0.120296 0.00000 0 0
1 258 5 1.06391 0.120296 0.00000 0 0
1 258 6 1.05189 0.120296 0.00000 0 0
1 258 7 1.03987 0.120296 0.00000 0 0
1 258 8 1.02785 0.120296 0.00000 0 0
1 258 9 1.01583 0.120296 0.00000 0 0
1 258 10 1.00381 0.120296 0.00000 0 0
1 258 11 0.991780 0.120296 0.00000 0 0
1 258 12 0.979760 0.120296 0.00000 0 0
1 258 13 0.967740 0.120296 0.00000 0 0
1 258 14 0.955760 0.120296 0.00000 0 0
1 258 15 0.943780 0.120296 0.00000 0 0
1 258 16 0.931810 0.120296 0.00000 0 0
1 258 17 0.919830 0.120296 0.00000 0 0
1 258 18 0.907850 0.120296 0.00000 0 0
1 258 19 0.895870 0.120296 0.00000 0 0
1 258 20 0.883890 0.120296 0.00000 0 0
1 258 21 0.871910 0.120296 0.00000 0 0
1 258 22 0.859940 0.120296 0.00000 0 0
1 258 23 0.847960 0.120296 0.00000 0 0
1 258 24 0.835980 0.120296 0.00000 0 0
1 258 25 0.824000 0.120296 0.00000 0 0
1 259 1 1.11200 0.117333 0.00000 0 0
1 259 2 1.09998 0.117333 0.00000 0 0
1 259 3 1.08796 0.117333 0.00000 0 0
1 259 4 1.07594 0.117333 0.00000 0 0
1 259 5 1.06391 0.117333 0.00000 0 0
1 259 6 1.05189 0.117333 0.00000 0 0
1 259 7 1.03987 0.117333 0.00000 0 0
1 259 8 1.02785 0.117333 0.00000 0 0
1 259 9 1.01583 0.117333 0.00000 0 0
1 259 10 1.00381 0.117333 0.00000 0 0
1 259 11 0.991780 0.117333 0.00000 0 0
1 259 12 0.979760 0.117333 0.00000 0 0
1 259 13 0.967740 0.117333 0.00000 0 0
1 259 14 0.955760 0.117333 0.00000 0 0
1 259 15 0.943780 0.117333 0.00000 0 0
1 259 16 0.931810 0.117333 0.00000 0 0
1 259 17 0.919830 0.117333 0.00000 0 0
1 259 18 0.907850 0.117333 0.00000 0 0
1 259 19 0.895870 0.117333 0.00000 0 0
1 259 20 0.883890 0.117333 0.00000 0 0
1 259 21 0.871910 0.117333 0.00000 0 0
1 259 22 0.859940 0.117333 0.00000 0 0
1 259 23 0.847960 0.117333 0.00000 0 0
1 259 24 0.835980 0.117333 0.00000 0 0
1 259 25 0.824000 0.117333 0.00000 0 0
1 260 1 1.11600 0.120810 0.00000 0 0
1 260 2 1.10365 0.120810 0.00000 0 0
1 260 3 1.09129 0.120810 0.00000 0 0
1 260 4 1.07894 0.120810 0.00000 0 0
1 260 5 1.06658 0.120810 0.00000 0 0
1 260 6 1.05423 0.120810 0.00000 0 0
1 260 7 1.04187 0.120810 0.00000 0 0
1 260 8 1.02952 0.120810 0.00000 0 0
1 260 9 1.01716 0.120810 0.00000 0 0
1 260 10 1.00481 0.120810 0.00000 0 0
1 260 11 0.992450 0.120810 0.00000 0 0
1 260 12 0.980100 0.120810 0.00000 0 0
1 260 13 0.967740 0.120810 0.00000 0 0
1 260 14 0.955560 0.120810 0.00000 0 0
1 260 15 0.943380 0.120810 0.00000 0 0
1 260 16 0.931210 0.120810 0.00000 0 0
1 260 17 0.919030 0.120810 0.00000 0 0
1 260 18 0.906850 0.120810 0.00000 0 0
1 260 19 0.894670 0.120810 0.00000 0 0
1 260 20 0.882490 0.120810 0.00000 0 0
1 260 21 0.870310 0.120810 0.00000 0 0
1 260 22 0.858140 0.120810 0.00000 0 0
1 260 23 0.845960 0.120810 0.00000 0 0
1 260 24 0.833780 0.120810 0.00000 0 0
1 260 25 0.821600 0.120810 0.00000 0 0
1 261 1 1.00066 0.0273546 0.00000 0 0
1 261 2 0.957240 0.0273546 0.00000 0 0
1 261 3 0.917760 0.0273546 0.00000 0 0
1 262 1 1.00066 0.0272853 0.00000 0 0
1 262 2 0.957240 0.0272853 0.00000 0 0
1 262 3 0.917760 0.0272853 0.00000 0 0
1 263 1 1.00000 0.00397034 -0.217468 0 0
1 263 2 1.00000 0.00373330 -0.204727 0 0
1 263 3 1.00000 0.00353577 -0.191288 0 0
1 263 4 1.00000 0.00339750 -0.177500 0 0
1 263 5 1.00000 0.00327898 -0.163886 0 0
1 263 6 1.00000 0.00319997 -0.150273 0 0
1 263 7 1.00000 0.00316047 -0.136659 0 0
1 263 8 1.00000 0.00316047 -0.123046 0 0
1 263 9 1.00000 0.00318022 -0.109432 0 0
1 263 10 1.00000 0.00302220 -0.0956440 0 0
1 263 11 1.00000 0.00288393 -0.0818559 0 0
1 263 12 1.00000 0.00276541 -0.0684169 0 0
1 263 13 1.00000 0.00262714 -0.0546288 0 0
1 263 14 1.00000 0.00252837 -0.0408407 0 0
1 263 15 1.00000 0.00244936 -0.0270526 0 0
1 263 16 1.00000 0.00239010 -0.0132645 0 0
1 263 17 1.00000 0.00237035 -0.000174533 0 0
1 263 18 1.00000 0.00239010 0.0130900 0 0
1 263 19 1.00000 0.00246911 0.0272271 0 0
1 263 20 1.00000 0.00256788 0.0404916 0 0
1 263 21 1.00000 0.00270615 0.0544543 0 0
1 263 22 1.00000 0.00288393 0.0682424 0 0
1 263 23 1.00000 0.00306170 0.0818559 0 0
1 263 24 1.00000 0.00327898 0.0954695 0 0
1 263 25 1.00000 0.00347651 0.109258 0 0
1 263 26 1.00000 0.00345676 0.122871 0 0
1 263 27 1.00000 0.00345676 0.136310 0 0
1 263 28 1.00000 0.00345676 0.149924 0 0
1 263 29 1.00000 0.00349627 0.163363 0 0
1 263 30 1.00000 0.00357528 0.176976 0 0
1 263 31 1.00000 0.00367404 0.190764 0 0
1 263 32 1.00000 0.00379256 0.204378 0 0
1 263 33 1.00000 0.00395058 0.217817 0 0
1 264 1 0.995000 0.0243075 0.00000 0 0
1 264 2 0.952000 0.0243075 0.00000 0 0
1 264 3 0.910000 0.0243075 0.00000 0 0
1 265 1 0.995000 0.0243075 0.00000 0 0
1 265 2 0.952000 0.0243075 0.00000 0 0
1 265 3 0.910000 0.0243075 0.00000 0 0
1 266 1 0.999300 0.0486150 0.00000 0 0
1 266 2 0.957450 0.0486150 0.00000 0 0
1 267 1 1.00000 0.0149412 -0.413067 0 0
1 267 2 1.00000 0.0143235 -0.389331 0 0
1 267 3 1.00000 0.0137830 -0.366083 0 0
1 267 4 1.00000 0.0132811 -0.340863 0 0
1 267 5 1.00000 0.0128564 -0.318121 0 0
1 267 6 1.00000 0.0124703 -0.292971 0 0
1 267 7 1.00000 0.0118526 -0.270317 0 0
1 267 8 1.00000 0.0113121 -0.246423 0 0
1 267 9 1.00000 0.0108102 -0.221500 0 0
1 267 10 1.00000 0.0103855 -0.196908 0 0
1 267 11 1.00000 0.0100187 -0.172421 0 0
1 267 12 1.00000 0.00970987 -0.147602 0 0
1 267 13 1.00000 0.00936240 -0.122941 0 0
1 267 14 1.00000 0.00907284 -0.0983668 0 0
1 267 15 1.00000 0.00886050 -0.0736529 0 0
1 267 16 1.00000 0.00866746 -0.0493579 0 0
1 267 17 1.00000 0.00857094 -0.0245742 0 0
1 267 18 1.00000 0.00857094 0.00000 0 0
1 267 19 1.00000 0.00857094 0.0242426 0 0
1 267 20 1.00000 0.00868676 0.0491485 0 0
1 267 21 1.00000 0.00886050 0.0741765 0 0
1 267 22 1.00000 0.00909214 0.0986460 0 0
1 267 23 1.00000 0.00936240 0.123273 0 0
1 267 24 1.00000 0.00972917 0.147707 0 0
1 267 25 1.00000 0.0100380 0.172421 0 0
1 267 26 1.00000 0.0104241 0.196891 0 0
1 267 27 1.00000 0.0108488 0.219667 0 0
1 267 28 1.00000 0.0113507 0.245271 0 0
1 267 29 1.00000 0.0118912 0.269688 0 0
1 267 30 1.00000 0.0124896 0.294140 0 0
1 267 31 1.00000 0.0128757 0.317947 0 0
1 267 32 1.00000 0.0133197 0.342050 0 0
1 267 33 1.00000 0.0138023 0.366641 0 0
1 267 34 1.00000 0.0143621 0.390413 0 0
1 267 35 1.00000 0.0149605 0.414725 0 0
1 268 1 1.11280 0.119704 0.00000 0 0
1 268 2 1.10071 0.119704 0.00000 0 0
1 268 3 1.08862 0.119704 0.00000 0 0
1 268 4 1.07654 0.119704 0.00000 0 0
1 268 5 1.06445 0.119704 0.00000 0 0
1 268 6 1.05236 0.119704 0.00000 0 0
1 268 7 1.04027 0.119704 0.00000 0 0
1 268 8 1.02818 0.119704 0.00000 0 0
1 268 9 1.01609 0.119704 0.00000 0 0
1 268 10 1.00401 0.119704 0.00000 0 0
1 268 11 0.991920 0.119704 0.00000 0 0
1 268 12 0.979830 0.119704 0.00000 0 0
1 268 13 0.967740 0.119704 0.00000 0 0
1 268 14 0.955630 0.119704 0.00000 0 0
1 268 15 0.943520 0.119704 0.00000 0 0
1 268 16 0.931410 0.119704 0.00000 0 0
1 268 17 0.919290 0.119704 0.00000 0 0
1 268 18 0.907180 0.119704 0.00000 0 0
1 268 19 0.895070 0.119704 0.00000 0 0
1 268 20 0.882960 0.119704 0.00000 0 0
1 268 21 0.870850 0.119704 0.00000 0 0
1 268 22 0.858740 0.119704 0.00000 0 0
1 268 23 0.846620 0.119704 0.00000 0 0
1 268 24 0.834510 0.119704 0.00000 0 0
1 268 25 0.822400 0.119704 0.00000 0 0
1 269 1 1.10800 0.115951 0.00000 0 0
1 269 2 1.09588 0.115951 0.00000 0 0
1 269 3 1.08376 0.115951 0.00000 0 0
1 269 4 1.07164 0.115951 0.00000 0 0
1 269 5 1.05952 0.115951 0.00000 0 0
1 269 6 1.04740 0.115951 0.00000 0 0
1 269 7 1.03528 0.115951 0.00000 0 0
1 269 8 1.02316 0.115951 0.00000 0 0
1 269 9 1.01104 0.115951 0.00000 0 0
1 269 10 0.998930 0.115951 0.00000 0 0
1 269 11 0.986810 0.115951 0.00000 0 0
1 269 12 0.974690 0.115951 0.00000 0 0
1 269 13 0.962570 0.115951 0.00000 0 0
1 269 14 0.950690 0.115951 0.00000 0 0
1 269 15 0.938810 0.115951 0.00000 0 0
1 269 16 0.926930 0.115951 0.00000 0 0
1 269 17 0.915040 0.115951 0.00000 0 0
1 269 18 0.903160 0.115951 0.00000 0 0
1 269 19 0.891280 0.115951 0.00000 0 0
1 269 20 0.879400 0.115951 0.00000 0 0
1 269 21 0.867520 0.115951 0.00000 0 0
1 269 22 0.855640 0.115951 0.00000 0 0
1 269 23 0.843760 0.115951 0.00000 0 0
1 269 24 0.831880 0.115951 0.00000 0 0
1 269 25 0.820000 0.115951 0.00000 0 0
1 270 1 1.00000 0.0277285 0.00000 0 0
1 270 2 0.956000 0.0277285 0.00000 0 0
1 270 3 0.913000 0.0277285 0.00000 0 0
1 271 1 1.00066 0.0273546 0.00000 0 0
1 271 2 0.957240 0.0273546 0.00000 0 0
1 271 3 0.917760 0.0273546 0.00000 0 0
1 272 1 1.00066 0.0275623 0.00000 0 0
1 272 2 0.957240 0.0275623 0.00000 0 0
1 272 3 0.917760 0.0275623 0.00000 0 0
1 273 1 1.00000 0.0560942 0.00000 0 0
1 273 2 0.956000 0.0560942 0.00000 0 0
1 273 3 0.911000 0.0560942 0.00000 0 0
1 274 1 1.00000 0.0268006 0.00000 0 0
1 274 2 0.956000 0.0268006 0.00000 0 0
1 274 3 0.913000 0.0268006 0.00000 0 0
1 275 1 1.00000 0.0265928 0.00000 0 0
1 275 2 0.956000 0.0265928 0.00000 0 0
1 275 3 0.913000 0.0265928 0.00000 0 0
1 276 1 1.00000 0.0270776 0.00000 0 0
1 276 2 0.956000 0.0270776 0.00000 0 0
1 276 3 0.913000 0.0270776 0.00000 0 0
1 277 1 1.00100 0.0273546 0.00000 0 0
1 277 2 0.958000 0.0273546 0.00000 0 0
1 277 3 0.914000 0.0273546 0.00000 0 0
1 278 1 1.00400 0.0423130 0.00000 0 0
1 278 2 0.956000 0.0423130 0.00000 0 0
1 279 1 1.00400 0.0430748 0.00000 0 0
1 279 2 0.956000 0.0430748 0.00000 0 0
1 280 1 1.00066 0.0272853 0.00000 0 0
1 280 2 0.957240 0.0272853 0.00000 0 0
1 280 3 0.917760 0.0272853 0.00000 0 0
1 281 1 1.00066 0.0274931 0.00000 0 0
1 281 2 0.957240 0.0274931 0.00000 0 0
1 281 3 0.917760 0.0274931 0.00000 0 0
1 282 1 1.00066 0.0267313 0.00000 0 0
1 282 2 0.957240 0.0267313 0.00000 0 0
1 282 3 0.917760 0.0267313 0.00000 0 0
1 283 1 1.00066 0.0274238 0.00000 0 0
1 283 2 0.957240 0.0274238 0.00000 0 0
1 283 3 0.917760 0.0274238 0.00000 0 0
1 284 1 1.00000 0.0158205 -0.191812 0 0
1 284 2 1.00000 0.0147934 -0.179943 0 0
1 284 3 1.00000 0.0138256 -0.167726 0 0
1 284 4 1.00000 0.0129566 -0.156382 0 0
1 284 5 1.00000 0.0121271 -0.143990 0 0
1 284 6 1.00000 0.0114160 -0.133867 0 0
1 284 7 1.00000 0.0107445 -0.120428 0 0
1 284 8 1.00000 0.0101717 -0.110130 0 0
1 284 9 1.00000 0.00965819 -0.0993092 0 0
1 284 10 1.00000 0.00928292 -0.0820305 0 0
1 284 11 1.00000 0.00888791 -0.0706858 0 0
1 284 12 1.00000 0.00861139 -0.0586431 0 0
1 284 13 1.00000 0.00835463 -0.0466003 0 0
1 284 14 1.00000 0.00815712 -0.0338594 0 0
1 284 15 1.00000 0.00801886 -0.0228638 0 0
1 284 16 1.00000 0.00793986 -0.0115192 0 0
1 284 17 1.00000 0.00790036 0.000872665 0 0
1 284 18 1.00000 0.00795961 0.0120428 0 0
1 284 19 1.00000 0.00807812 0.0233874 0 0
1 284 20 1.00000 0.00827563 0.0349066 0 0
1 284 21 1.00000 0.00855214 0.0469494 0 0
1 284 22 1.00000 0.00888791 0.0588176 0 0
1 284 23 1.00000 0.00932243 0.0708604 0 0
1 284 24 1.00000 0.00981620 0.0806342 0 0
1 284 25 1.00000 0.0104087 0.0921534 0 0
1 284 26 1.00000 0.0108630 0.105418 0 0
1 284 27 1.00000 0.0114358 0.117635 0 0
1 284 28 1.00000 0.0119888 0.131074 0 0
1 284 29 1.00000 0.0126998 0.143990 0 0
1 284 30 1.00000 0.0133319 0.154462 0 0
1 284 31 1.00000 0.0141416 0.168250 0 0
1 284 32 1.00000 0.0148922 0.180293 0 0
1 284 33 1.00000 0.0158007 0.193382 0 0
1 285 1 1.00000 0.00754063 -0.173660 0 0
1 285 2 1.00000 0.00728630 -0.162490 0 0
1 285 3 1.00000 0.00703196 -0.152018 0 0
1 285 4 1.00000 0.00677763 -0.140848 0 0
1 285 5 1.00000 0.00655767 -0.130202 0 0
1 285 6 1.00000 0.00636520 -0.119381 0 0
1 285 7 1.00000 0.00616586 -0.108385 0 0
1 285 8 1.00000 0.00597339 -0.0977384 0 0
1 285 9 1.00000 0.00581529 -0.0867429 0 0
1 285 10 1.00000 0.00561595 -0.0760964 0 0
1 285 11 1.00000 0.00543723 -0.0651008 0 0
1 285 12 1.00000 0.00524476 -0.0544543 0 0
1 285 13 1.00000 0.00516227 -0.0434587 0 0
1 285 14 1.00000 0.00506604 -0.0324631 0 0
1 285 15 1.00000 0.00499043 -0.0216421 0 0
1 285 16 1.00000 0.00488732 -0.0108210 0 0
1 285 17 1.00000 0.00487357 0.000349066 0 0
1 285 18 1.00000 0.00488732 0.0108210 0 0
1 285 19 1.00000 0.00492856 0.0218166 0 0
1 285 20 1.00000 0.00499043 0.0326377 0 0
1 285 21 1.00000 0.00502480 0.0434587 0 0
1 285 22 1.00000 0.00510728 0.0544543 0 0
1 285 23 1.00000 0.00518289 0.0652753 0 0
1 285 24 1.00000 0.00529975 0.0760964 0 0
1 285 25 1.00000 0.00542348 0.0869174 0 0
1 285 26 1.00000 0.00559533 0.0979130 0 0
1 285 27 1.00000 0.00581529 0.108559 0 0
1 285 28 1.00000 0.00600776 0.119555 0 0
1 285 29 1.00000 0.00628272 0.130376 0 0
1 285 30 1.00000 0.00657829 0.141023 0 0
1 285 31 1.00000 0.00685324 0.151844 0 0
1 285 32 1.00000 0.00719006 0.162490 0 0
1 285 33 1.00000 0.00752001 0.173660 0 0
1 286 1 1.00066 0.0475762 0.00000 0 0
1 286 2 0.957450 0.0475762 0.00000 0 0
1 287 1 1.00000 0.0403740 -0.747001 0 0
1 287 2 1.00000 0.0380448 -0.701273 0 0
1 287 3 1.00000 0.0357155 -0.655197 0 0
1 287 4 1.00000 0.0335803 -0.609120 0 0
1 287 5 1.00000 0.0316393 -0.563043 0 0
1 287 6 1.00000 0.0298923 -0.516617 0 0
1 287 7 1.00000 0.0283395 -0.470192 0 0
1 287 8 1.00000 0.0267866 -0.423417 0 0
1 287 9 1.00000 0.0254279 -0.376642 0 0
1 287 10 1.00000 0.0242633 -0.329867 0 0
1 287 11 1.00000 0.0232927 -0.283092 0 0
1 287 12 1.00000 0.0225163 -0.235969 0 0
1 287 13 1.00000 0.0217399 -0.188845 0 0
1 287 14 1.00000 0.0211576 -0.141721 0 0
1 287 15 1.00000 0.0207693 -0.0945968 0 0
1 287 16 1.00000 0.0205752 -0.0471239 0 0
1 287 17 1.00000 0.0205752 0.00000 0 0
1 287 18 1.00000 0.0205752 0.0471239 0 0
1 287 19 1.00000 0.0207693 0.0945968 0 0
1 287 20 1.00000 0.0211576 0.141721 0 0
1 287 21 1.00000 0.0217399 0.188845 0 0
1 287 22 1.00000 0.0225163 0.235969 0 0
1 287 23 1.00000 0.0232927 0.283092 0 0
1 287 24 1.00000 0.0242633 0.329867 0 0
1 287 25 1.00000 0.0254279 0.376642 0 0
1 287 26 1.00000 0.0267866 0.423417 0 0
1 287 27 1.00000 0.0283395 0.470192 0 0
1 287 28 1.00000 0.0298923 0.516617 0 0
1 287 29 1.00000 0.0316393 0.563043 0 0
1 287 30 1.00000 0.0335803 0.609120 0 0
1 287 31 1.00000 0.0357155 0.655197 0 0
1 287 32 1.00000 0.0380448 0.701273 0 0
1 287 33 1.00000 0.0403740 0.747001 0 0
1 288 1 1.00100 0.0273546 0.00000 0 0
1 288 2 0.958000 0.0273546 0.00000 0 0
1 288 3 0.914000 0.0273546 0.00000 0 0
1 289 1 1.10000 0.0415512 0.00000 0 0
1 289 2 1.00000 0.0415512 0.00000 0 0
1 290 1 1.00400 0.0487535 0.00000 0 0
1 290 2 0.956000 0.0487535 0.00000 0 0
1 291 1 1.00000 0.0275623 0.00000 0 0
1 291 2 0.956000 0.0275623 0.00000 0 0
1 291 3 0.913000 0.0275623 0.00000 0 0
1 292 1 1.00066 0.0273546 0.00000 0 0
1 292 2 0.957240 0.0273546 0.00000 0 0
1 292 3 0.917760 0.0273546 0.00000 0 0
1 293 1 1.00066 0.0272853 0.00000 0 0
1 293 2 0.957240 0.0272853 0.00000 0 0
1 293 3 0.917760 0.0272853 0.00000 0 0
1 294 1 0.999470 0.0269945 0.00000 0 0
1 294 2 0.957240 0.0269945 0.00000 0 0
1 294 3 0.915390 0.0269945 0.00000 0 0
1 295 1 0.999470 0.0273476 0.00000 0 0
1 295 2 0.957240 0.0273476 0.00000 0 0
1 295 3 0.915390 0.0273476 0.00000 0 0
1 296 1 1.00066 0.0480609 0.00000 0 0
1 296 2 0.957450 0.0480609 0.00000 0 0
1 297 1 1.00066 0.0489612 0.00000 0 0
1 297 2 0.957450 0.0489612 0.00000 0 0
1 298 1 0.999000 0.0268975 0.00000 0 0
1 298 2 0.957000 0.0268975 0.00000 0 0
1 298 3 0.915000 0.0268975 0.00000 0 0
1 299 1 1.00066 0.0273546 0.00000 0 0
1 299 2 0.957240 0.0273546 0.00000 0 0
1 299 3 0.917760 0.0273546 0.00000 0 0
1 300 1 1.00000 0.0268698 0.00000 0 0
1 300 2 0.956000 0.0268698 0.00000 0 0
1 300 3 0.913000 0.0268698 0.00000 0 0
1 301 1 1.00000 0.0268698 0.00000 0 0
1 301 2 0.956000 0.0268698 0.00000 0 0
1 301 3 0.913000 0.0268698 0.00000 0 0
1 302 1 1.00000 0.0272853 0.00000 0 0
1 302 2 0.956000 0.0272853 0.00000 0 0
1 302 3 0.913000 0.0272853 0.00000 0 0
1 303 1 1.00000 0.0274238 0.00000 0 0
1 303 2 0.959000 0.0274238 0.00000 0 0
1 303 3 0.911000 0.0274238 0.00000 0 0
1 304 1 1.00000 0.0273546 0.00000 0 0
1 304 2 0.959000 0.0273546 0.00000 0 0
1 304 3 0.911000 0.0273546 0.00000 0 0
1 305 1 0.995000 0.0243075 0.00000 0 0
1 305 2 0.952000 0.0243075 0.00000 0 0
1 305 3 0.910000 0.0243075 0.00000 0 0
1 306 1 0.995000 0.0243075 0.00000 0 0
1 306 2 0.952000 0.0243075 0.00000 0 0
1 306 3 0.910000 0.0243075 0.00000 0 0
1 307 1 1.00400 0.0487535 0.00000 0 0
1 307 2 0.956000 0.0487535 0.00000 0 0
1 308 1 1.00400 0.0424515 0.00000 0 0
1 308 2 0.956000 0.0424515 0.00000 0 0
1 309 1 1.00000 0.0299457 -0.479966 0 0
1 309 2 1.00000 0.0292543 -0.452040 0 0
1 309 3 1.00000 0.0287605 -0.422370 0 0
1 309 4 1.00000 0.0281481 -0.392699 0 0
1 309 5 1.00000 0.0277136 -0.363028 0 0
1 309 6 1.00000 0.0272000 -0.333358 0 0
1 309 7 1.00000 0.0268247 -0.303687 0 0
1 309 8 1.00000 0.0263506 -0.274017 0 0
1 309 9 1.00000 0.0260346 -0.244346 0 0
1 309 10 1.00000 0.0256790 -0.212930 0 0
1 309 11 1.00000 0.0254025 -0.183260 0 0
1 309 12 1.00000 0.0251062 -0.151844 0 0
1 309 13 1.00000 0.0248889 -0.122173 0 0
1 309 14 1.00000 0.0247111 -0.0925025 0 0
1 309 15 1.00000 0.0245728 -0.0610865 0 0
1 309 16 1.00000 0.0244938 -0.0314159 0 0
1 309 17 1.00000 0.0244543 0.00000 0 0
1 309 18 1.00000 0.0245136 0.0314159 0 0
1 309 19 1.00000 0.0245728 0.0610865 0 0
1 309 20 1.00000 0.0247309 0.0925025 0 0
1 309 21 1.00000 0.0248889 0.122173 0 0
1 309 22 1.00000 0.0251457 0.151844 0 0
1 309 23 1.00000 0.0253827 0.183260 0 0
1 309 24 1.00000 0.0257383 0.212930 0 0
1 309 25 1.00000 0.0260148 0.244346 0 0
1 309 26 1.00000 0.0264494 0.274017 0 0
1 309 27 1.00000 0.0268049 0.303687 0 0
1 309 28 1.00000 0.0272988 0.333358 0 0
1 309 29 1.00000 0.0277136 0.363028 0 0
1 309 30 1.00000 0.0283062 0.392699 0 0
1 309 31 1.00000 0.0287605 0.422370 0 0
1 309 32 1.00000 0.0294321 0.452040 0 0
1 309 33 1.00000 0.0299852 0.479966 0 0
1 310 1 1.00600 0.0427285 0.00000 0 0
1 310 2 0.959000 0.0427285 0.00000 0 0
1 311 1 1.00600 0.0392659 0.00000 0 0
1 311 2 0.959000 0.0392659 0.00000 0 0
1 312 1 1.00600 0.0396122 0.00000 0 0
1 312 2 0.965000 0.0396122 0.00000 0 0
1 313 1 1.00066 0.0475069 0.00000 0 0
1 313 2 0.957450 0.0475069 0.00000 0 0
1 314 1 1.00066 0.0477147 0.00000 0 0
1 314 2 0.957450 0.0477147 0.00000 0 0
1 315 1 1.00066 0.0277008 0.00000 0 0
1 315 2 0.957240 0.0277008 0.00000 0 0
1 315 3 0.911840 0.0277008 0.00000 0 0
1 316 1 1.00066 0.0271468 0.00000 0 0
1 316 2 0.957240 0.0271468 0.00000 0 0
1 316 3 0.917760 0.0271468 0.00000 0 0
1 317 1 1.00066 0.0274931 0.00000 0 0
1 317 2 0.957240 0.0274931 0.00000 0 0
1 317 3 0.917760 0.0274931 0.00000 0 0
1 318 1 1.00000 0.0247922 0.00000 0 0
1 318 2 0.959000 0.0247922 0.00000 0 0
1 318 3 0.917000 0.0247922 0.00000 0 0
1 319 1 1.00000 0.0247922 0.00000 0 0
1 319 2 0.959000 0.0247922 0.00000 0 0
1 319 3 0.917000 0.0247922 0.00000 0 0
1 320 1 1.00000 0.00284625 -0.109432 0 0
1 320 2 1.00000 0.00279085 -0.102625 0 0
1 320 3 1.00000 0.00274930 -0.0958186 0 0
1 320 4 1.00000 0.00270775 -0.0890118 0 0
1 320 5 1.00000 0.00266619 -0.0820305 0 0
1 320 6 1.00000 0.00263157 -0.0752237 0 0
1 320 7 1.00000 0.00260387 -0.0684169 0 0
1 320 8 1.00000 0.00257617 -0.0616101 0 0
1 320 9 1.00000 0.00254847 -0.0548033 0 0
1 320 10 1.00000 0.00252076 -0.0479966 0 0
1 320 11 1.00000 0.00249999 -0.0410152 0 0
1 320 12 1.00000 0.00247921 -0.0342085 0 0
1 320 13 1.00000 0.00246536 -0.0274017 0 0
1 320 14 1.00000 0.00245151 -0.0205949 0 0
1 320 15 1.00000 0.00244459 -0.0136136 0 0
1 320 16 1.00000 0.00243766 -0.00680678 0 0
1 320 17 1.00000 0.00243074 0.000174533 0 0
1 320 18 1.00000 0.00243766 0.00680678 0 0
1 320 19 1.00000 0.00244459 0.0136136 0 0
1 320 20 1.00000 0.00245151 0.0205949 0 0
1 320 21 1.00000 0.00246536 0.0274017 0 0
1 320 22 1.00000 0.00248614 0.0342085 0 0
1 320 23 1.00000 0.00249999 0.0410152 0 0
1 320 24 1.00000 0.00252076 0.0479966 0 0
1 320 25 1.00000 0.00254847 0.0548033 0 0
1 320 26 1.00000 0.00257617 0.0616101 0 0
1 320 27 1.00000 0.00260387 0.0684169 0 0
1 320 28 1.00000 0.00263849 0.0752237 0 0
1 320 29 1.00000 0.00266619 0.0820305 0 0
1 320 30 1.00000 0.00271467 0.0890118 0 0
1 320 31 1.00000 0.00274930 0.0958186 0 0
1 320 32 1.00000 0.00279085 0.102625 0 0
1 320 33 1.00000 0.00283932 0.109432 0 0
1 321 1 1.00000 0.00284625 -0.109432 0 0
1 321 2 1.00000 0.00279085 -0.102625 0 0
1 321 3 1.00000 0.00274930 -0.0958186 0 0
1 321 4 1.00000 0.00270775 -0.0890118 0 0
1 321 5 1.00000 0.00266619 -0.0820305 0 0
1 321 6 1.00000 0.00263157 -0.0752237 0 0
1 321 7 1.00000 0.00260387 -0.0684169 0 0
1 321 8 1.00000 0.00257617 -0.0616101 0 0
1 321 9 1.00000 0.00254847 -0.0548033 0 0
1 321 10 1.00000 0.00252076 -0.0479966 0 0
1 321 11 1.00000 0.00249999 -0.0410152 0 0
1 321 12 1.00000 0.00247921 -0.0342085 0 0
1 321 13 1.00000 0.00246536 -0.0274017 0 0
1 321 14 1.00000 0.00245151 -0.0205949 0 0
1 321 15 1.00000 0.00244459 -0.0136136 0 0
1 321 16 1.00000 0.00243766 -0.00680678 0 0
1 321 17 1.00000 0.00243074 0.000174533 0 0
1 321 18 1.00000 0.00243766 0.00680678 0 0
1 321 19 1.00000 0.00244459 0.0136136 0 0
1 321 20 1.00000 0.00245151 0.0205949 0 0
1 321 21 1.00000 0.00246536 0.0274017 0 0
1 321 22 1.00000 0.00248614 0.0342085 0 0
1 321 23 1.00000 0.00249999 0.0410152 0 0
1 321 24 1.00000 0.00252076 0.0479966 0 0
1 321 25 1.00000 0.00254847 0.0548033 0 0
1 321 26 1.00000 0.00257617 0.0616101 0 0
1 321 27 1.00000 0.00260387 0.0684169 0 0
1 321 28 1.00000 0.00263849 0.0752237 0 0
1 321 29 1.00000 0.00266619 0.0820305 0 0
1 321 30 1.00000 0.00271467 0.0890118 0 0
1 321 31 1.00000 0.00274930 0.0958186 0 0
1 321 32 1.00000 0.00279085 0.102625 0 0
1 321 33 1.00000 0.00283932 0.109432 0 0
1 322 1 1.00000 0.0149605 0.414725 0 0
1 322 2 1.00000 0.0143621 0.390413 0 0
1 322 3 1.00000 0.0138023 0.366641 0 0
1 322 4 1.00000 0.0133197 0.342050 0 0
1 322 5 1.00000 0.0128757 0.317947 0 0
1 322 6 1.00000 0.0124896 0.294140 0 0
1 322 7 1.00000 0.0118912 0.269688 0 0
1 322 8 1.00000 0.0113507 0.245271 0 0
1 322 9 1.00000 0.0108488 0.219667 0 0
1 322 10 1.00000 0.0104241 0.196891 0 0
1 322 11 1.00000 0.0100380 0.172421 0 0
1 322 12 1.00000 0.00972917 0.147707 0 0
1 322 13 1.00000 0.00936240 0.123273 0 0
1 322 14 1.00000 0.00909214 0.0986460 0 0
1 322 15 1.00000 0.00886050 0.0741765 0 0
1 322 16 1.00000 0.00868676 0.0491485 0 0
1 322 17 1.00000 0.00857094 0.0242426 0 0
1 322 18 1.00000 0.00857094 0.00000 0 0
1 322 19 1.00000 0.00857094 -0.0245742 0 0
1 322 20 1.00000 0.00866746 -0.0493579 0 0
1 322 21 1.00000 0.00886050 -0.0736529 0 0
1 322 22 1.00000 0.00907284 -0.0983668 0 0
1 322 23 1.00000 0.00936240 -0.122941 0 0
1 322 24 1.00000 0.00970987 -0.147602 0 0
1 322 25 1.00000 0.0100187 -0.172421 0 0
1 322 26 1.00000 0.0103855 -0.196908 0 0
1 322 27 1.00000 0.0108102 -0.221500 0 0
1 322 28 1.00000 0.0113121 -0.246423 0 0
1 322 29 1.00000 0.0118526 -0.270317 0 0
1 322 30 1.00000 0.0124703 -0.292971 0 0
1 322 31 1.00000 0.0128564 -0.318121 0 0
1 322 32 1.00000 0.0132811 -0.340863 0 0
1 322 33 1.00000 0.0137830 -0.366083 0 0
1 322 34 1.00000 0.0143235 -0.389331 0 0
1 322 35 1.00000 0.0149412 -0.413067 0 0
1 323 1 1.00000 0.0158406 0.192684 0 0
1 323 2 1.00000 0.0147938 0.180642 0 0
1 323 3 1.00000 0.0138457 0.168599 0 0
1 323 4 1.00000 0.0129767 0.156731 0 0
1 323 5 1.00000 0.0121471 0.144688 0 0
1 323 6 1.00000 0.0114361 0.132645 0 0
1 323 7 1.00000 0.0107645 0.120602 0 0
1 323 8 1.00000 0.0102115 0.108559 0 0
1 323 9 1.00000 0.00969794 0.0965167 0 0
1 323 10 1.00000 0.00932266 0.0844739 0 0
1 323 11 1.00000 0.00892764 0.0724312 0 0
1 323 12 1.00000 0.00865111 0.0603884 0 0
1 323 13 1.00000 0.00839435 0.0483456 0 0
1 323 14 1.00000 0.00821658 0.0363028 0 0
1 323 15 1.00000 0.00805857 0.0240855 0 0
1 323 16 1.00000 0.00795982 0.0120428 0 0
1 323 17 1.00000 0.00794006 0.00000 0 0
1 323 18 1.00000 0.00797957 -0.0120428 0 0
1 323 19 1.00000 0.00809807 -0.0240855 0 0
1 323 20 1.00000 0.00829559 -0.0363028 0 0
1 323 21 1.00000 0.00857211 -0.0483456 0 0
1 323 22 1.00000 0.00888813 -0.0603884 0 0
1 323 23 1.00000 0.00934241 -0.0724312 0 0
1 323 24 1.00000 0.00981645 -0.0844739 0 0
1 323 25 1.00000 0.0104287 -0.0965167 0 0
1 323 26 1.00000 0.0108633 -0.108559 0 0
1 323 27 1.00000 0.0114558 -0.120602 0 0
1 323 28 1.00000 0.0119891 -0.132645 0 0
1 323 29 1.00000 0.0127002 -0.144688 0 0
1 323 30 1.00000 0.0133322 -0.156731 0 0
1 323 31 1.00000 0.0141420 -0.168599 0 0
1 323 32 1.00000 0.0148728 -0.180642 0 0
1 323 33 1.00000 0.0158011 -0.192684 0 0
1 324 1 1.04000 0.0295499 0.00000 0 0
1 324 2 0.998000 0.0295499 0.00000 0 0
1 324 3 0.956000 0.0295499 0.00000 0 0
1 325 1 0.999000 0.0243075 0.00000 0 0
1 325 2 0.957000 0.0243075 0.00000 0 0
1 325 3 0.915000 0.0243075 0.00000 0 0
1 326 1 1.00000 0.0272853 0.00000 0 0
1 326 2 0.956000 0.0272853 0.00000 0 0
1 326 3 0.913000 0.0272853 0.00000 0 0
1 327 1 0.995000 0.0432133 0.00000 0 0
1 327 2 0.952000 0.0432133 0.00000 0 0
1 327 3 0.910000 0.0432133 0.00000 0 0
1 328 1 1.00000 0.0247922 0.00000 0 0
1 328 2 0.956000 0.0247922 0.00000 0 0
1 328 3 0.913000 0.0247922 0.00000 0 0
1 329 1 1.04000 0.0267798 0.00000 0 0
1 329 2 0.998000 0.0267798 0.00000 0 0
1 329 3 0.956000 0.0267798 0.00000 0 0
1 330 1 1.00000 0.0132947 -0.171391 0 0
1 330 2 1.00000 0.0129806 -0.158999 0 0
1 330 3 1.00000 0.0126053 -0.146782 0 0
1 330 4 1.00000 0.0119417 -0.134914 0 0
1 330 5 1.00000 0.0115131 -0.122697 0 0
1 330 6 1.00000 0.0108890 -0.110305 0 0
1 330 7 1.00000 0.0104406 -0.0982620 0 0
1 330 8 1.00000 0.00958931 -0.0856957 0 0
1 330 9 1.00000 0.00952215 -0.0734784 0 0
1 330 10 1.00000 0.00902639 -0.0612611 0 0
1 330 11 1.00000 0.00873407 -0.0490438 0 0
1 330 12 1.00000 0.00848125 -0.0368264 0 0
1 330 13 1.00000 0.00818103 -0.0244346 0 0
1 330 14 1.00000 0.00804080 -0.0122173 0 0
1 330 15 1.00000 0.00799734 0.00000 0 0
1 330 16 1.00000 0.00801710 0.0123918 0 0
1 330 17 1.00000 0.00813363 0.0246091 0 0
1 330 18 1.00000 0.00825609 0.0368264 0 0
1 330 19 1.00000 0.00838842 0.0490438 0 0
1 330 20 1.00000 0.00848915 0.0614356 0 0
1 330 21 1.00000 0.00870444 0.0736529 0 0
1 330 22 1.00000 0.00918638 0.0858702 0 0
1 330 23 1.00000 0.00943525 0.0980875 0 0
1 330 24 1.00000 0.0100061 0.110305 0 0
1 330 25 1.00000 0.0105512 0.122522 0 0
1 330 26 1.00000 0.0111497 0.134739 0 0
1 330 27 1.00000 0.0115249 0.146957 0 0
1 330 28 1.00000 0.0127298 0.159349 0 0
1 330 29 1.00000 0.0135218 0.171566 0 0
1 331 1 1.04000 0.0486634 0.00000 0 0
1 331 2 0.999000 0.0486634 0.00000 0 0
1 331 3 0.957000 0.0486634 0.00000 0 0
1 332 1 1.00600 0.0485457 0.00000 0 0
1 332 2 0.959000 0.0485457 0.00000 0 0
1 333 1 1.00000 0.0269391 0.00000 0 0
1 333 2 0.959000 0.0269391 0.00000 0 0
1 333 3 0.911000 0.0269391 0.00000 0 0
1 334 1 1.00000 0.0263850 0.00000 0 0
1 334 2 0.959000 0.0263850 0.00000 0 0
1 334 3 0.911000 0.0263850 0.00000 0 0
1 335 1 1.00000 0.0247922 0.00000 0 0
1 335 2 0.959000 0.0247922 0.00000 0 0
1 335 3 0.917000 0.0247922 0.00000 0 0
1 336 1 1.11200 0.116543 0.00000 0 0
1 336 2 1.09998 0.116543 0.00000 0 0
1 336 3 1.08796 0.116543 0.00000 0 0
1 336 4 1.07594 0.116543 0.00000 0 0
1 336 5 1.06391 0.116543 0.00000 0 0
1 336 6 1.05189 0.116543 0.00000 0 0
1 336 7 1.03987 0.116543 0.00000 0 0
1 336 8 1.02785 0.116543 0.00000 0 0
1 336 9 1.01583 0.116543 0.00000 0 0
1 336 10 1.00381 0.116543 0.00000 0 0
1 336 11 0.991780 0.116543 0.00000 0 0
1 336 12 0.979760 0.116543 0.00000 0 0
1 336 13 0.967740 0.116543 0.00000 0 0
1 336 14 0.955760 0.116543 0.00000 0 0
1 336 15 0.943780 0.116543 0.00000 0 0
1 336 16 0.931810 0.116543 0.00000 0 0
1 336 17 0.919830 0.116543 0.00000 0 0
1 336 18 0.907850 0.116543 0.00000 0 0
1 336 19 0.895870 0.116543 0.00000 0 0
1 336 20 0.883890 0.116543 0.00000 0 0
1 336 21 0.871910 0.116543 0.00000 0 0
1 336 22 0.859940 0.116543 0.00000 0 0
1 336 23 0.847960 0.116543 0.00000 0 0
1 336 24 0.835980 0.116543 0.00000 0 0
1 336 25 0.824000 0.116543 0.00000 0 0
1 337 1 1.11200 0.116938 0.00000 0 0
1 337 2 1.09998 0.116938 0.00000 0 0
1 337 3 1.08796 0.116938 0.00000 0 0
1 337 4 1.07594 0.116938 0.00000 0 0
1 337 5 1.06391 0.116938 0.00000 0 0
1 337 6 1.05189 0.116938 0.00000 0 0
1 337 7 1.03987 0.116938 0.00000 0 0
1 337 8 1.02785 0.116938 0.00000 0 0
1 337 9 1.01583 0.116938 0.00000 0 0
1 337 10 1.00381 0.116938 0.00000 0 0
1 337 11 0.991780 0.116938 0.00000 0 0
1 337 12 0.979760 0.116938 0.00000 0 0
1 337 13 0.967740 0.116938 0.00000 0 0
1 337 14 0.955760 0.116938 0.00000 0 0
1 337 15 0.943780 0.116938 0.00000 0 0
1 337 16 0.931810 0.116938 0.00000 0 0
1 337 17 0.919830 0.116938 0.00000 0 0
1 337 18 0.907850 0.116938 0.00000 0 0
1 337 19 0.895870 0.116938 0.00000 0 0
1 337 20 0.883890 0.116938 0.00000 0 0
1 337 21 0.871910 0.116938 0.00000 0 0
1 337 22 0.859940 0.116938 0.00000 0 0
1 337 23 0.847960 0.116938 0.00000 0 0
1 337 24 0.835980 0.116938 0.00000 0 0
1 337 25 0.824000 0.116938 0.00000 0 0
1 338 1 1.00000 0.0247922 0.00000 0 0
1 338 2 0.959000 0.0247922 0.00000 0 0
1 338 3 0.917000 0.0247922 0.00000 0 0
1 339 1 1.00400 0.0429363 0.00000 0 0
1 339 2 0.956000 0.0429363 0.00000 0 0
1 340 1 1.00000 0.0397507 0.00000 0 0
1 340 2 0.950000 0.0397507 0.00000 0 0
1 341 1 1.00000 0.0274931 0.00000 0 0
1 341 2 0.956000 0.0274931 0.00000 0 0
1 341 3 0.913000 0.0274931 0.00000 0 0
1 342 1 1.00000 0.0274931 0.00000 0 0
1 342 2 0.956000 0.0274931 0.00000 0 0
1 342 3 0.913000 0.0274931 0.00000 0 0
1 343 1 1.00000 0.0273546 0.00000 0 0
1 343 2 0.959000 0.0273546 0.00000 0 0
1 343 3 0.911000 0.0273546 0.00000 0 0
1 344 1 1.00000 0.0297784 0.00000 0 0
1 344 2 0.959000 0.0297784 0.00000 0 0
1 344 3 0.911000 0.0297784 0.00000 0 0
1 345 1 1.00000 0.0274238 0.00000 0 0
1 345 2 0.959000 0.0274238 0.00000 0 0
1 345 3 0.917000 0.0274238 0.00000 0 0
1 346 1 1.00000 0.0272161 0.00000 0 0
1 346 2 0.959000 0.0272161 0.00000 0 0
1 346 3 0.917000 0.0272161 0.00000 0 0
1 347 1 1.00000 0.0317867 0.00000 0 0
1 347 2 0.956000 0.0317867 0.00000 0 0
1 347 3 0.913000 0.0317867 0.00000 0 0
1 348 1 1.00000 0.0318560 0.00000 0 0
1 348 2 0.956000 0.0318560 0.00000 0 0
1 348 3 0.913000 0.0318560 0.00000 0 0
1 349 1 1.05500 0.0147507 0.00000 0 0
1 349 2 1.01400 0.0147507 0.00000 0 0
1 349 3 0.973000 0.0147507 0.00000 0 0
1 350 1 1.05500 0.0147507 0.00000 0 0
1 350 2 1.01400 0.0147507 0.00000 0 0
1 350 3 0.973000 0.0147507 0.00000 0 0
1 351 1 1.05500 0.0147507 0.00000 0 0
1 351 2 1.01400 0.0147507 0.00000 0 0
1 351 3 0.973000 0.0147507 0.00000 0 0
1 352 1 1.05500 0.0147507 0.00000 0 0
1 352 2 1.01400 0.0147507 0.00000 0 0
1 352 3 0.973000 0.0147507 0.00000 0 0
1 353 1 1.00000 0.0243075 0.00000 0 0
1 353 2 0.956000 0.0243075 0.00000 0 0
1 353 3 0.913000 0.0243075 0.00000 0 0
1 354 1 1.00000 0.0243075 0.00000 0 0
1 354 2 0.956000 0.0243075 0.00000 0 0
1 354 3 0.913000 0.0243075 0.00000 0 0
1 355 1 1.00000 0.0270083 0.00000 0 0
1 355 2 0.959000 0.0270083 0.00000 0 0
1 355 3 0.911000 0.0270083 0.00000 0 0
1 356 1 1.00000 0.0272161 0.00000 0 0
1 356 2 0.959000 0.0272161 0.00000 0 0
1 356 3 0.911000 0.0272161 0.00000 0 0
1 357 1 1.00000 0.0276316 0.00000 0 0
1 357 2 0.959000 0.0276316 0.00000 0 0
1 357 3 0.911000 0.0276316 0.00000 0 0
1 358 1 1.00066 0.0277008 0.00000 0 0
1 358 2 0.957240 0.0277008 0.00000 0 0
1 358 3 0.917760 0.0277008 0.00000 0 0
1 359 1 1.00066 0.0276316 0.00000 0 0
1 359 2 0.957240 0.0276316 0.00000 0 0
1 359 3 0.917760 0.0276316 0.00000 0 0
1 360 1 1.00000 0.0248615 0.00000 0 0
1 360 2 0.959000 0.0248615 0.00000 0 0
1 360 3 0.917000 0.0248615 0.00000 0 0
1 361 1 1.00000 0.0249307 0.00000 0 0
1 361 2 0.959000 0.0249307 0.00000 0 0
1 361 3 0.917000 0.0249307 0.00000 0 0
1 362 1 1.00066 0.0265928 0.00000 0 0
1 362 2 0.957240 0.0265928 0.00000 0 0
1 362 3 0.917760 0.0265928 0.00000 0 0
1 363 1 1.00066 0.0265235 0.00000 0 0
1 363 2 0.957240 0.0265235 0.00000 0 0
1 363 3 0.917760 0.0265235 0.00000 0 0
1 364 1 1.00066 0.0264543 0.00000 0 0
1 364 2 0.957240 0.0264543 0.00000 0 0
1 364 3 0.917760 0.0264543 0.00000 0 0
1 365 1 1.00066 0.0272161 0.00000 0 0
1 365 2 0.957240 0.0272161 0.00000 0 0
1 365 3 0.917760 0.0272161 0.00000 0 0
1 366 1 1.00066 0.0274238 0.00000 0 0
1 366 2 0.957240 0.0274238 0.00000 0 0
1 366 3 0.917760 0.0274238 0.00000 0 0
1 367 1 1.00066 0.0272853 0.00000 0 0
1 367 2 0.957240 0.0272853 0.00000 0 0
1 367 3 0.917760 0.0272853 0.00000 0 0
