#Generators (blocaux_20200925_1445_reduite/InitialState)
#"variant" "num" "bus" "con. bus" "substation" "minP (MW)" "maxP (MW)" "minQmaxP (MVar)" "minQ0 (MVar)" "minQminP (MVar)" "maxQmaxP (MVar)" "maxQ0 (MVar)" "maxQminP (MVar)" "v regul." "targetV (pu)" "targetP (MW)" "targetQ (MVar)" "fault" "curative" "id" "description" "P (MW)" "Q (MVar)"
1 1 11 11 10 0.00000 0.00000 0.00000 0.00000 0.00000 0.00000 0.00000 0.00000 false 1.02807 -0.00000 -0.00000 0 0 "ARGOEIN2" "ARGOEIN2" 0.00000 -0.00000
1 2 11 11 10 0.00000 14.4000 0.00000 0.00000 0.00000 0.00000 0.00000 0.00000 false 1.02807 9.00000 -0.00000 0 0 "ARGOEIN3" "ARGOEIN3" -9.00000 -0.00000
1 3 11 11 10 0.00000 0.300000 0.00000 0.00000 0.00000 0.00000 0.00000 0.00000 false 0.00000 0.113654 -0.00000 0 0 "ARGOEINF" "ARGOEINF" -0.113654 -0.00000
1 4 11 11 10 0.00000 0.300000 0.00000 0.00000 0.00000 0.00000 0.00000 0.00000 false 0.00000 0.113654 -0.00000 0 0 "ARGOEING" "ARGOEING" -0.113654 -0.00000
1 5 12 12 11 0.00000 42.6000 0.00000 0.00000 0.00000 0.00000 0.00000 0.00000 false 1.05688 30.0000 -0.00000 0 0 "ARGOEIN1" "ARGOEIN1" -30.0000 -0.00000
1 6 16 16 15 0.00000 2.00000 0.00000 0.00000 0.00000 0.00000 0.00000 0.00000 false 0.00000 1.00884 -0.00000 0 0 "B.CARINF" "B.CARINF" -1.00884 -0.00000
1 7 -1 181 169 0.00000 49.5000 -38.1000 -36.6000 -36.6000 35.4800 43.1000 43.1000 false 0.00000 0.00000 0.00000 0 0 "BREUI6AIGLEG1" "BREUI6AIGLEG1" -99999.0 -99999.0
1 8 -1 181 169 0.00000 49.5000 -31.4250 -29.8000 -29.8000 32.3000 40.8000 40.8000 false 0.00000 0.00000 0.00000 0 0 "BREUI6AIGLEG2" "BREUI6AIGLEG2" -99999.0 -99999.0
1 9 -1 181 169 0.00000 49.5000 -31.3250 -30.2000 -30.2000 33.5250 41.9000 41.9000 false 0.00000 0.00000 0.00000 0 0 "BREUI6AIGLEG3" "BREUI6AIGLEG3" -99999.0 -99999.0
1 10 -1 181 169 0.00000 49.5000 -37.4250 -40.8000 -40.8000 32.9750 42.1000 42.1000 false 0.00000 0.00000 0.00000 0 0 "BREUI6AIGLEG4" "BREUI6AIGLEG4" -99999.0 -99999.0
1 11 -1 181 169 86.0000 139.200 -77.1750 -75.5000 -75.5000 19.1000 45.7000 45.7000 false 0.00000 0.00000 0.00000 0 0 "BREUI6AIGL8G6" "BREUI6AIGL8G6" -99999.0 -99999.0
1 12 207 207 193 195.800 414.200 -128.400 -231.100 -231.100 77.0000 182.000 182.000 true 1.05502 351.365 -99999.0 0 0 "MORA5.TG1" "MORA5.TG1" -352.861 109.694
1 13 224 224 208 0.00000 0.500000 0.00000 0.00000 0.00000 0.00000 0.00000 0.00000 false 0.00000 0.189013 -0.00000 0 0 "ROMAIINF" "ROMAIINF" -0.189013 -0.00000
1 14 224 224 208 0.00000 0.500000 0.00000 0.00000 0.00000 0.00000 0.00000 0.00000 false 0.00000 0.189013 -0.00000 0 0 "ROMAIING" "ROMAIING" -0.189013 -0.00000
1 15 236 236 220 0.00000 35.6000 0.00000 0.00000 0.00000 0.00000 0.00000 0.00000 false 1.06237 15.0000 -0.00000 0 0 "CRENEIN1" "CRENEIN1" -15.0000 -0.00000
1 16 236 236 220 0.00000 63.6000 0.00000 0.00000 0.00000 0.00000 0.00000 0.00000 false 1.06237 45.0000 -0.00000 0 0 "CRENEIN4" "CRENEIN4" -45.0000 -0.00000
1 17 244 244 228 0.00000 78.2000 0.00000 0.00000 0.00000 0.00000 0.00000 0.00000 false 1.06526 61.0000 -0.00000 0 0 "A.COMIN1" "A.COMIN1" -61.0000 -0.00000
1 18 244 244 228 0.00000 69.0000 0.00000 0.00000 0.00000 0.00000 0.00000 0.00000 false 1.06526 4.00000 -0.00000 0 0 "A.COMIN2" "A.COMIN2" -4.00000 -0.00000
1 19 244 244 228 0.00000 0.500000 0.00000 0.00000 0.00000 0.00000 0.00000 0.00000 false 0.00000 0.184687 -0.00000 0 0 "A.COMINF" "A.COMINF" -0.184687 -0.00000
1 20 244 244 228 0.00000 0.500000 0.00000 0.00000 0.00000 0.00000 0.00000 0.00000 false 0.00000 0.184687 -0.00000 0 0 "A.COMING" "A.COMING" -0.184687 -0.00000
1 21 246 246 230 0.00000 0.400000 0.00000 0.00000 0.00000 0.00000 0.00000 0.00000 true 1.06492 0.219882 -99999.0 0 0 "A.MOUINF" "A.MOUINF" -0.219882 -0.00000
1 22 248 248 232 0.00000 10.0000 0.00000 0.00000 0.00000 0.00000 0.00000 0.00000 false 1.02465 8.00000 -0.00000 0 0 "ABBEVIN3" "ABBEVIN3" -8.00000 -0.00000
1 23 248 248 232 0.00000 13.0000 0.00000 0.00000 0.00000 0.00000 0.00000 0.00000 false 1.02465 12.0000 -0.00000 0 0 "ABBEVIN2" "ABBEVIN2" -12.0000 -0.00000
1 24 248 248 232 0.00000 1.30000 0.00000 0.00000 0.00000 0.00000 0.00000 0.00000 false 0.00000 0.483028 -0.00000 0 0 "ABBEVINF" "ABBEVINF" -0.483028 -0.00000
1 25 248 248 232 0.00000 1.30000 0.00000 0.00000 0.00000 0.00000 0.00000 0.00000 false 0.00000 0.483028 -0.00000 0 0 "ABBEVING" "ABBEVING" -0.483028 -0.00000
1 26 251 251 235 0.00000 32.5000 0.00000 0.00000 0.00000 0.00000 0.00000 0.00000 false 1.04520 3.00000 -0.00000 0 0 "AIRAIIN1" "AIRAIIN1" -3.00000 -0.00000
1 27 251 251 235 0.00000 36.0000 0.00000 0.00000 0.00000 0.00000 0.00000 0.00000 false 1.04520 3.00000 -0.00000 0 0 "AIRAIIN2" "AIRAIIN2" -3.00000 -0.00000
1 28 251 251 235 0.00000 16.1000 0.00000 0.00000 0.00000 0.00000 0.00000 0.00000 false 1.04520 1.00000 -0.00000 0 0 "AIRAIIN3" "AIRAIIN3" -1.00000 -0.00000
1 29 251 251 235 0.00000 0.300000 0.00000 0.00000 0.00000 0.00000 0.00000 0.00000 false 0.00000 0.113654 -0.00000 0 0 "AIRAIINF" "AIRAIINF" -0.113654 -0.00000
1 30 251 251 235 0.00000 0.300000 0.00000 0.00000 0.00000 0.00000 0.00000 0.00000 false 0.00000 0.113654 -0.00000 0 0 "AIRAIING" "AIRAIING" -0.113654 -0.00000
1 31 252 252 236 0.00000 5.67000 0.00000 0.00000 0.00000 0.00000 0.00000 0.00000 false 1.07089 4.00000 -0.00000 0 0 "AIRVAIN4" "AIRVAIN4" -4.00000 -0.00000
1 32 -1 253 237 0.00000 0.200000 0.00000 0.00000 0.00000 0.00000 0.00000 0.00000 true 1.00000 0.0708798 -99999.0 0 0 "ALESIINF" "ALESIINF" -99999.0 -99999.0
1 33 254 254 238 0.00000 50.1000 0.00000 0.00000 0.00000 0.00000 0.00000 0.00000 false 1.02760 41.0000 -0.00000 0 0 "ALLEUIN1" "ALLEUIN1" -41.0000 -0.00000
1 34 254 254 238 0.00000 12.0000 0.00000 0.00000 0.00000 0.00000 0.00000 0.00000 false 1.02760 12.0000 -0.00000 0 0 "ALLEUIN3" "ALLEUIN3" -12.0000 -0.00000
1 35 254 254 238 0.00000 23.0000 0.00000 0.00000 0.00000 0.00000 0.00000 0.00000 false 1.02760 16.0000 -0.00000 0 0 "ALLEUIN2" "ALLEUIN2" -16.0000 -0.00000
1 36 254 254 238 0.00000 0.500000 0.00000 0.00000 0.00000 0.00000 0.00000 0.00000 false 0.00000 0.157716 -0.00000 0 0 "ALLEUINF" "ALLEUINF" -0.157716 -0.00000
1 37 254 254 238 0.00000 0.500000 0.00000 0.00000 0.00000 0.00000 0.00000 0.00000 false 0.00000 0.157716 -0.00000 0 0 "ALLEUING" "ALLEUING" -0.157716 -0.00000
1 38 259 259 243 0.00000 36.4000 0.00000 0.00000 0.00000 0.00000 0.00000 0.00000 false 1.05786 19.0000 -0.00000 0 0 "AMARGIN1" "AMARGIN1" -19.0000 -0.00000
1 39 259 259 243 0.00000 35.6000 0.00000 0.00000 0.00000 0.00000 0.00000 0.00000 false 1.05786 26.0000 -0.00000 0 0 "AMARGIN3" "AMARGIN3" -26.0000 -0.00000
1 40 259 259 243 0.00000 35.5000 0.00000 0.00000 0.00000 0.00000 0.00000 0.00000 false 1.05786 22.0000 -0.00000 0 0 "AMARGIN2" "AMARGIN2" -22.0000 -0.00000
1 41 259 259 243 0.00000 0.500000 0.00000 0.00000 0.00000 0.00000 0.00000 0.00000 false 0.00000 0.157716 -0.00000 0 0 "AMARGINF" "AMARGINF" -0.157716 -0.00000
1 42 259 259 243 0.00000 0.500000 0.00000 0.00000 0.00000 0.00000 0.00000 0.00000 false 0.00000 0.157716 -0.00000 0 0 "AMARGING" "AMARGING" -0.157716 -0.00000
1 43 261 261 245 0.00000 125.000 -77.4070 -31.1110 -31.1110 112.593 158.889 158.889 false 1.06498 99.9841 9.13112 0 0 "COGE36AMFART14" "COGE36AMFART14" -100.435 9.13112
1 44 262 262 245 0.00000 125.000 -77.4070 -31.1110 -31.1110 112.593 158.889 158.889 false 1.06499 101.485 8.18763 0 0 "COGE36AMFART15" "COGE36AMFART15" -101.936 8.18763
1 45 263 263 246 0.00000 23.6000 0.00000 0.00000 0.00000 0.00000 0.00000 0.00000 false 1.05736 18.0000 -0.00000 0 0 "AMIENIN1" "AMIENIN1" -18.0000 -0.00000
1 46 263 263 246 0.00000 0.200000 0.00000 0.00000 0.00000 0.00000 0.00000 0.00000 false 0.00000 0.0710335 -0.00000 0 0 "AMIENINF" "AMIENINF" -0.0710335 -0.00000
1 47 263 263 246 0.00000 0.200000 0.00000 0.00000 0.00000 0.00000 0.00000 0.00000 false 0.00000 0.0710335 -0.00000 0 0 "AMIENING" "AMIENING" -0.0710335 -0.00000
1 48 270 270 251 0.00000 0.00000 0.00000 0.00000 0.00000 0.00000 0.00000 0.00000 false 0.00000 0.00000 -0.00000 0 0 "ANSERIN1" "ANSERIN1" -0.00000 -0.00000
1 49 270 270 251 0.00000 0.400000 0.00000 0.00000 0.00000 0.00000 0.00000 0.00000 false 0.00000 0.142067 -0.00000 0 0 "ANSERINF" "ANSERINF" -0.142067 -0.00000
1 50 270 270 251 0.00000 0.400000 0.00000 0.00000 0.00000 0.00000 0.00000 0.00000 true 1.07205 0.142067 -99999.0 0 0 "ANSERING" "ANSERING" -0.142067 -0.00000
1 51 271 271 252 0.00000 0.300000 0.00000 0.00000 0.00000 0.00000 0.00000 0.00000 false 0.00000 0.144120 -0.00000 0 0 "ANTIBINF" "ANTIBINF" -0.144120 -0.00000
1 52 271 271 252 0.00000 0.300000 0.00000 0.00000 0.00000 0.00000 0.00000 0.00000 false 0.00000 0.144120 -0.00000 0 0 "ANTIBING" "ANTIBING" -0.144120 -0.00000
1 53 275 275 256 0.00000 1.43000 0.00000 0.00000 0.00000 0.00000 0.00000 0.00000 false 1.06807 0.00000 -0.00000 0 0 "ARENCY612" "ARENCY612" -0.00000 -0.00000
1 54 275 275 256 0.00000 1.70000 0.00000 0.00000 0.00000 0.00000 0.00000 0.00000 false 0.00000 1.17385 -0.00000 0 0 "ARENCINF" "ARENCINF" -1.17385 -0.00000
1 55 275 275 256 0.00000 1.70000 0.00000 0.00000 0.00000 0.00000 0.00000 0.00000 false 0.00000 1.17385 -0.00000 0 0 "ARENCING" "ARENCING" -1.17385 -0.00000
1 56 -1 285 264 70.0000 140.000 -62.7560 -55.9260 -55.9260 28.8040 37.3410 37.3410 false 0.00000 0.00000 0.00000 0 0 "ARRI56ARRI5T1" "ARRI56ARRI5T1" -99999.0 -99999.0
1 57 -1 284 264 0.00000 150.000 -47.0760 -54.0000 -54.0000 69.1530 83.0000 83.0000 false 0.00000 0.00000 0.00000 0 0 "ARRI56ARRI5T2" "ARRI56ARRI5T2" -99999.0 -99999.0
1 58 299 299 276 0.00000 0.300000 0.00000 0.00000 0.00000 0.00000 0.00000 0.00000 false 0.00000 0.100364 -0.00000 0 0 "AULNOING" "AULNOING" -0.100364 -0.00000
1 59 300 300 277 0.00000 36.3000 0.00000 0.00000 0.00000 0.00000 0.00000 0.00000 false 1.02226 31.0000 -0.00000 0 0 "AUMALIN1" "AUMALIN1" -31.0000 -0.00000
1 60 300 300 277 0.00000 33.0000 0.00000 0.00000 0.00000 0.00000 0.00000 0.00000 false 1.02226 28.0000 -0.00000 0 0 "AUMALIN2" "AUMALIN2" -28.0000 -0.00000
1 61 300 300 277 0.00000 0.300000 0.00000 0.00000 0.00000 0.00000 0.00000 0.00000 false 0.00000 0.113654 -0.00000 0 0 "AUMALINF" "AUMALINF" -0.113654 -0.00000
1 62 300 300 277 0.00000 0.300000 0.00000 0.00000 0.00000 0.00000 0.00000 0.00000 false 0.00000 0.113654 -0.00000 0 0 "AUMALING" "AUMALING" -0.113654 -0.00000
1 63 -1 301 278 0.00000 121.500 -32.4000 -58.2000 -58.2000 23.5000 52.4000 52.4000 false 0.00000 0.00000 0.00000 0 0 "AUSSO6C.AVR" "AUSSO6C.AVR" -99999.0 -99999.0
1 64 308 308 284 0.00000 0.300000 0.00000 0.00000 0.00000 0.00000 0.00000 0.00000 false 0.00000 0.106320 -0.00000 0 0 "AVENIINF" "AVENIINF" -0.106320 -0.00000
1 65 308 308 284 0.00000 0.300000 0.00000 0.00000 0.00000 0.00000 0.00000 0.00000 true 1.07569 0.106320 -99999.0 0 0 "AVENIING" "AVENIING" -0.106320 -0.00000
1 66 311 311 286 0.00000 5.66000 0.00000 0.00000 0.00000 0.00000 0.00000 0.00000 false 1.06401 3.00000 -0.00000 0 0 "AVIGNY611" "AVIGNY611" -3.00000 -0.00000
1 67 323 323 297 0.00000 0.800000 0.00000 0.00000 0.00000 0.00000 0.00000 0.00000 false 0.00000 0.556035 -0.00000 0 0 "B.MAIINF" "B.MAIINF" -0.556035 -0.00000
1 68 323 323 297 0.00000 0.800000 0.00000 0.00000 0.00000 0.00000 0.00000 0.00000 false 0.00000 0.556035 -0.00000 0 0 "B.MAIING" "B.MAIING" -0.556035 -0.00000
1 69 338 338 310 0.00000 18.0000 0.00000 0.00000 0.00000 0.00000 0.00000 0.00000 false 1.06752 11.0000 -0.00000 0 0 "BARBUIN4" "BARBUIN4" -11.0000 -0.00000
1 70 339 339 311 0.00000 1.10000 0.00000 0.00000 0.00000 0.00000 0.00000 0.00000 false 1.06149 1.10000 -0.00000 0 0 "BARJAY611" "BARJAY611" -1.10000 -0.00000
1 71 -1 343 315 20.0000 120.000 -26.0000 -26.0000 -26.0000 59.0000 59.0000 59.0000 false 0.00000 0.00000 0.00000 0 0 "BATEL6BATELT1" "BATEL6BATELT1" -99999.0 -99999.0
1 72 -1 344 316 0.00000 99.5000 -38.0000 -52.4000 -52.4000 31.8000 45.6000 45.6000 false 0.00000 0.00000 0.00000 0 0 "BATHI6G1" "BATHI6G1" -99999.0 -99999.0
1 73 -1 344 316 0.00000 99.5000 -40.3700 -54.8000 -54.8000 32.2200 55.6000 55.6000 false 0.00000 0.00000 0.00000 0 0 "BATHI6G2" "BATHI6G2" -99999.0 -99999.0
1 74 -1 1595 1383 0.400000 99.5000 -41.0300 -56.3000 -56.3000 32.4200 57.7000 57.7000 false 0.00000 0.00000 0.00000 0 0 "BATHI7G3" "BATHI7G3" -99999.0 -99999.0
1 75 -1 1595 1383 0.00000 99.5000 -41.1260 -56.3000 -56.3000 32.5760 57.7000 57.7000 false 0.00000 0.00000 0.00000 0 0 "BATHI7G4" "BATHI7G4" -99999.0 -99999.0
1 76 345 345 317 0.00000 0.400000 0.00000 0.00000 0.00000 0.00000 0.00000 0.00000 false 0.00000 0.143700 -0.00000 0 0 "BATIGINF" "BATIGINF" -0.143700 -0.00000
1 77 346 346 317 0.00000 0.400000 0.00000 0.00000 0.00000 0.00000 0.00000 0.00000 false 0.00000 0.143700 -0.00000 0 0 "BATIGING" "BATIGING" -0.143700 -0.00000
1 78 354 354 325 0.00000 0.200000 0.00000 0.00000 0.00000 0.00000 0.00000 0.00000 false 0.00000 0.0708798 -0.00000 0 0 "BERT5INF" "BERT5INF" -0.0708798 -0.00000
1 79 354 354 325 0.00000 0.200000 0.00000 0.00000 0.00000 0.00000 0.00000 0.00000 false 0.00000 0.0708798 -0.00000 0 0 "BERT5ING" "BERT5ING" -0.0708798 -0.00000
1 80 -1 366 334 180.000 910.000 -493.000 -436.927 -436.927 233.000 281.666 281.666 false 0.00000 0.00000 0.00000 0 0 "BLAYA7GR1" "BLAYA7GR1" -99999.0 -99999.0
1 81 365 365 334 180.000 910.000 -497.000 -436.695 -436.695 232.000 281.724 281.724 true 1.05982 910.000 -99999.0 0 0 "BLAYA7GR2" "BLAYA7GR2" -910.000 239.791
1 82 -1 364 334 180.000 910.000 -493.666 -436.888 -436.888 234.000 282.666 282.666 false 0.00000 0.00000 0.00000 0 0 "BLAYA7GR3" "BLAYA7GR3" -99999.0 -99999.0
1 83 363 363 334 180.000 910.000 -494.000 -436.869 -436.869 233.000 282.724 282.724 true 1.05976 910.000 -99999.0 0 0 "BLAYA7GR4" "BLAYA7GR4" -910.000 281.048
1 84 -1 367 335 82.0000 155.000 -138.000 -124.591 -124.591 130.000 138.938 138.938 false 0.00000 0.00000 0.00000 0 0 "BLENO.TG51" "BLENO.TG51" -99999.0 -99999.0
1 85 -1 367 335 82.0000 155.000 -65.0000 -59.0000 -59.0000 59.0000 67.0000 67.0000 false 0.00000 0.00000 0.00000 0 0 "BLENO.TG52" "BLENO.TG52" -99999.0 -99999.0
1 86 370 370 338 0.00000 91.0000 0.00000 0.00000 0.00000 0.00000 0.00000 0.00000 false 1.05690 0.00000 -0.00000 0 0 "BLOCAIN1" "BLOCAIN1" -0.00000 -0.00000
1 87 370 370 338 0.00000 0.00000 0.00000 0.00000 0.00000 0.00000 0.00000 0.00000 false 1.05690 0.00000 -0.00000 0 0 "BLOCAIN2" "BLOCAIN2" -0.00000 -0.00000
1 88 371 371 339 0.00000 0.390000 0.00000 0.00000 0.00000 0.00000 0.00000 0.00000 false 1.06736 0.00000 -0.00000 0 0 "BOCCAY611" "BOCCAY611" -0.00000 -0.00000
1 89 -1 375 343 0.00000 59.0000 -38.2970 -23.1100 -23.1100 15.5600 21.0600 21.0600 false 0.00000 0.00000 0.00000 0 0 "BOLLH6GROUPE1" "BOLLH6GROUPE1" -99999.0 -99999.0
1 90 375 375 343 0.00000 59.0000 -38.9820 -14.3700 -14.3700 8.79700 13.6600 13.6600 true 1.05882 49.7588 -99999.0 0 0 "BOLLH6GROUPE2" "BOLLH6GROUPE2" -49.9718 9.55590
1 91 -1 375 343 0.00000 59.0000 -38.2970 -23.1100 -23.1100 15.5600 21.0621 21.0621 false 0.00000 0.00000 0.00000 0 0 "BOLLH6GROUPE3" "BOLLH6GROUPE3" -99999.0 -99999.0
1 92 375 375 343 0.00000 59.0000 -36.8890 -22.9300 -22.9300 16.4230 21.1900 21.1900 true 1.05882 48.7636 -99999.0 0 0 "BOLLH6GROUPE4" "BOLLH6GROUPE4" -48.9766 9.55590
1 93 -1 375 343 0.00000 59.0000 -38.9820 -14.3700 -14.3700 8.79700 13.6600 13.6600 false 0.00000 0.00000 0.00000 0 0 "BOLLH6GROUPE5" "BOLLH6GROUPE5" -99999.0 -99999.0
1 94 375 375 343 0.00000 59.0000 -38.2970 -23.1100 -23.1100 15.5600 21.0600 21.0600 true 1.05882 50.7539 -99999.0 0 0 "BOLLH6GROUPE6" "BOLLH6GROUPE6" -50.9670 9.55590
1 95 380 380 347 0.00000 0.200000 0.00000 0.00000 0.00000 0.00000 0.00000 0.00000 false 0.00000 0.0972000 -0.00000 0 0 "BOR.CINF" "BOR.CINF" -0.0972000 -0.00000
1 96 380 380 347 0.00000 0.200000 0.00000 0.00000 0.00000 0.00000 0.00000 0.00000 false 0.00000 0.0972000 -0.00000 0 0 "BOR.CING" "BOR.CING" -0.0972000 -0.00000
1 97 -1 381 348 60.0000 114.700 -71.3560 -67.4000 -67.4000 48.3020 64.3000 64.3000 false 0.00000 0.00000 0.00000 0 0 "MOLE6 BORG1" "MOLE6 BORG1" -99999.0 -99999.0
1 98 -1 382 348 60.0000 114.700 -71.3560 -67.4000 -67.4000 48.3020 64.3000 64.3000 false 0.00000 0.00000 0.00000 0 0 "MOLE6 BORG2" "MOLE6 BORG2" -99999.0 -99999.0
1 99 383 383 349 0.00000 0.500000 0.00000 0.00000 0.00000 0.00000 0.00000 0.00000 false 0.00000 0.185826 -0.00000 0 0 "BOSCHINF" "BOSCHINF" -0.185826 -0.00000
1 100 383 383 349 0.00000 0.500000 0.00000 0.00000 0.00000 0.00000 0.00000 0.00000 false 0.00000 0.185826 -0.00000 0 0 "BOSCHING" "BOSCHING" -0.185826 -0.00000
1 101 384 384 350 185.000 585.000 -240.000 -188.000 -188.000 296.000 338.000 338.000 true 1.08205 320.959 -99999.0 0 0 "BOUCH.TG7" "BOUCH.TG7" -323.071 -53.8648
1 102 386 386 352 0.00000 0.200000 0.00000 0.00000 0.00000 0.00000 0.00000 0.00000 false 0.00000 0.0718500 -0.00000 0 0 "BOULEINF" "BOULEINF" -0.0718500 -0.00000
1 103 386 386 352 0.00000 0.200000 0.00000 0.00000 0.00000 0.00000 0.00000 0.00000 false 0.00000 0.0718500 -0.00000 0 0 "BOULEING" "BOULEING" -0.0718500 -0.00000
1 104 387 387 353 0.00000 0.800000 0.00000 0.00000 0.00000 0.00000 0.00000 0.00000 false 0.00000 0.356400 -0.00000 0 0 "BOUSCINF" "BOUSCINF" -0.356400 -0.00000
1 105 396 396 361 0.00000 0.200000 0.00000 0.00000 0.00000 0.00000 0.00000 0.00000 false 0.00000 0.0559667 -0.00000 0 0 "BREAUING" "BREAUING" -0.0559667 -0.00000
1 106 -1 398 363 0.00000 92.0000 -60.0890 -45.7780 -45.7780 8.44400 28.8890 28.8890 false 0.00000 0.00000 0.00000 0 0 "BRENC6TAG1" "BRENC6TAG1" -99999.0 -99999.0
1 107 -1 399 363 0.00000 92.0000 -59.0880 -44.7770 -44.7770 29.9110 44.2220 44.2220 false 0.00000 0.00000 0.00000 0 0 "BRENC6TAG2" "BRENC6TAG2" -99999.0 -99999.0
1 108 -1 400 363 91.0000 140.000 -60.7140 -55.1140 -55.1140 42.7140 56.7140 56.7140 false 0.00000 0.00000 0.00000 0 0 "BRENC6TAG3" "BRENC6TAG3" -99999.0 -99999.0
1 109 -1 406 368 4.00000 32.1000 -13.8890 -14.4000 -14.4000 19.2600 32.8000 32.8000 false 0.00000 0.00000 0.00000 0 0 "BREVI6G1" "BREVI6G1" -99999.0 -99999.0
1 110 -1 406 368 4.00000 32.1000 -13.9160 -14.3000 -14.3000 19.5490 31.3000 31.3000 false 0.00000 0.00000 0.00000 0 0 "BREVI6G2" "BREVI6G2" -99999.0 -99999.0
1 111 411 411 372 0.400000 31.6000 -21.8100 -24.4000 -24.4000 11.0200 18.3000 18.3000 true 1.05000 -0.00000 -99999.0 0 0 "RUEYR6BROMMG1" "RUEYR6BROMMG1" -99999.0 -99999.0
1 112 412 412 372 0.400000 31.6000 -22.8100 -27.0000 -27.0000 12.7500 19.9000 19.9000 true 1.05000 -0.00000 -99999.0 0 0 "RUEYR6BROMMG2" "RUEYR6BROMMG2" -99999.0 -99999.0
1 113 413 413 372 0.400000 29.2000 -22.2700 -23.9000 -23.9000 7.81000 16.2000 16.2000 true 1.05000 -0.00000 -99999.0 0 0 "RUEYR6BROMMG3" "RUEYR6BROMMG3" -99999.0 -99999.0
1 114 414 414 372 0.400000 31.6000 -22.7100 -23.2000 -23.2000 11.5000 16.8000 16.8000 true 1.05000 -0.00000 -99999.0 0 0 "RUEYR6BROMMG4" "RUEYR6BROMMG4" -99999.0 -99999.0
1 115 415 415 372 0.400000 31.6000 -19.0000 -22.9000 -22.9000 10.9290 18.1000 18.1000 true 1.05000 -0.00000 -99999.0 0 0 "RUEYR6BROMMG5" "RUEYR6BROMMG5" -99999.0 -99999.0
1 116 416 416 372 0.400000 31.6000 -20.7000 -19.1000 -19.1000 11.5200 16.7000 16.7000 true 1.05000 -0.00000 -99999.0 0 0 "RUEYR6BROMMG6" "RUEYR6BROMMG6" -99999.0 -99999.0
1 117 417 417 373 0.00000 240.000 -135.836 -140.200 -140.200 105.400 156.400 156.400 true 1.05000 -0.00000 -99999.0 0 0 "BROM8.HG7" "BROM8.HG7" -99999.0 -99999.0
1 118 -1 420 376 180.000 910.000 -317.292 -263.904 -263.904 439.623 508.265 508.265 false 0.00000 0.00000 0.00000 0 0 "BUGEY7G2" "BUGEY7G2" -99999.0 -99999.0
1 119 -1 421 376 180.000 910.000 -318.292 -264.904 -264.904 437.617 507.349 507.349 false 0.00000 0.00000 0.00000 0 0 "BUGEY7G3" "BUGEY7G3" -99999.0 -99999.0
1 120 422 422 376 180.000 880.000 -323.069 -274.607 -274.607 437.921 492.844 492.844 true 1.07465 863.000 -99999.0 0 0 "BUGEY7G4" "BUGEY7G4" -866.177 -210.042
1 121 423 423 376 180.000 880.000 -321.060 -279.060 -279.060 437.921 492.844 492.844 true 1.07900 858.000 -99999.0 0 0 "BUGEY7G5" "BUGEY7G5" -861.177 -206.127
1 122 -1 427 380 260.000 1310.00 -450.177 -356.844 -356.844 561.826 653.038 653.038 false 0.00000 0.00000 0.00000 0 0 "BVIL77BVIL71" "BVIL77BVIL71" -99999.0 -99999.0
1 123 428 428 381 260.000 1310.00 -450.175 -357.903 -357.903 561.828 651.979 651.979 true 1.07082 1280.00 -99999.0 0 0 "BVILX7BVIL72" "BVILX7BVIL72" -1284.73 318.967
1 124 432 432 384 0.00000 20.5000 0.00000 0.00000 0.00000 0.00000 0.00000 0.00000 false 1.01260 15.0000 -0.00000 0 0 "BXCH5IN1" "BXCH5IN1" -15.0000 -0.00000
1 125 432 432 384 0.00000 35.0000 0.00000 0.00000 0.00000 0.00000 0.00000 0.00000 false 1.01260 32.0000 -0.00000 0 0 "BXCH5IN2" "BXCH5IN2" -32.0000 -0.00000
1 126 432 432 384 0.00000 32.3500 0.00000 0.00000 0.00000 0.00000 0.00000 0.00000 false 1.01260 27.0000 -0.00000 0 0 "BXCH5IN3" "BXCH5IN3" -27.0000 -0.00000
1 127 432 432 384 0.00000 0.300000 0.00000 0.00000 0.00000 0.00000 0.00000 0.00000 false 0.00000 0.113654 -0.00000 0 0 "BXCH5INF" "BXCH5INF" -0.113654 -0.00000
1 128 432 432 384 0.00000 0.300000 0.00000 0.00000 0.00000 0.00000 0.00000 0.00000 false 0.00000 0.113654 -0.00000 0 0 "BXCH5ING" "BXCH5ING" -0.113654 -0.00000
1 129 441 441 392 0.00000 34.5000 0.00000 0.00000 0.00000 0.00000 0.00000 0.00000 false 1.02556 26.0000 -0.00000 0 0 "BZBELIN1" "BZBELIN1" -26.0000 -0.00000
1 130 441 441 392 0.00000 35.1000 0.00000 0.00000 0.00000 0.00000 0.00000 0.00000 false 1.02556 30.0000 -0.00000 0 0 "BZBELIN3" "BZBELIN3" -30.0000 -0.00000
1 131 441 441 392 0.00000 24.1000 0.00000 0.00000 0.00000 0.00000 0.00000 0.00000 false 1.02556 19.0000 -0.00000 0 0 "BZBELIN2" "BZBELIN2" -19.0000 -0.00000
1 132 441 441 392 0.00000 0.200000 0.00000 0.00000 0.00000 0.00000 0.00000 0.00000 false 0.00000 0.0710335 -0.00000 0 0 "BZBELINF" "BZBELINF" -0.0710335 -0.00000
1 133 441 441 392 0.00000 0.200000 0.00000 0.00000 0.00000 0.00000 0.00000 0.00000 false 0.00000 0.0710335 -0.00000 0 0 "BZBELING" "BZBELING" -0.0710335 -0.00000
1 134 442 442 393 0.00000 0.200000 0.00000 0.00000 0.00000 0.00000 0.00000 0.00000 false 0.00000 0.0708798 -0.00000 0 0 "BZGETINF" "BZGETINF" -0.0708798 -0.00000
1 135 442 442 393 0.00000 0.200000 0.00000 0.00000 0.00000 0.00000 0.00000 0.00000 false 0.00000 0.0708798 -0.00000 0 0 "BZGETING" "BZGETING" -0.0708798 -0.00000
1 136 447 447 398 0.00000 1.10000 0.00000 0.00000 0.00000 0.00000 0.00000 0.00000 false 0.00000 0.741380 -0.00000 0 0 "C.GOMINF" "C.GOMINF" -0.741380 -0.00000
1 137 447 447 398 0.00000 1.10000 0.00000 0.00000 0.00000 0.00000 0.00000 0.00000 false 0.00000 0.741380 -0.00000 0 0 "C.GOMING" "C.GOMING" -0.741380 -0.00000
1 138 449 449 400 200.000 440.000 -166.410 -171.250 -171.250 161.720 190.910 190.910 true 1.05371 392.364 -99999.0 0 0 "C.ME5.TG01" "C.ME5.TG01" -393.952 33.0434
1 139 450 450 401 0.00000 0.700000 0.00000 0.00000 0.00000 0.00000 0.00000 0.00000 false 0.00000 0.352293 -0.00000 0 0 "C.MERINF" "C.MERINF" -0.352293 -0.00000
1 140 450 450 401 0.00000 0.700000 0.00000 0.00000 0.00000 0.00000 0.00000 0.00000 false 0.00000 0.352293 -0.00000 0 0 "C.MERING" "C.MERING" -0.352293 -0.00000
1 141 -1 453 405 0.00000 46.0000 -36.9420 -12.2800 -12.2800 10.8320 11.5200 11.5200 false 0.00000 0.00000 0.00000 0 0 "CRHOH6GROUPE1" "CRHOH6GROUPE1" -99999.0 -99999.0
1 142 453 453 405 0.00000 46.0000 -35.5980 -17.8500 -17.8500 12.0760 16.2800 16.2800 true 1.05623 26.9384 -99999.0 0 0 "CRHOH6GROUPE2" "CRHOH6GROUPE2" -27.1045 6.08908
1 143 453 453 405 0.00000 46.0000 -36.9050 -12.2800 -12.2800 10.8320 11.5200 11.5200 true 1.05623 32.9248 -99999.0 0 0 "CRHOH6GROUPE3" "CRHOH6GROUPE3" -33.0909 6.08908
1 144 453 453 405 0.00000 45.0000 -34.2850 -18.1600 -18.1600 12.1050 16.5300 16.5300 true 1.05623 29.9316 -99999.0 0 0 "CRHOH6GROUPE4" "CRHOH6GROUPE4" -30.0941 6.08908
1 145 453 453 405 0.00000 46.0000 -35.9920 -12.2800 -12.2800 10.8320 11.5200 11.5200 true 1.05623 26.9384 -99999.0 0 0 "CRHOH6GROUPE5" "CRHOH6GROUPE5" -27.1045 6.08908
1 146 -1 453 405 0.00000 45.0000 -34.2850 -18.1600 -18.1600 12.1050 16.5300 16.5300 false 0.00000 0.00000 0.00000 0 0 "CRHOH6GROUPE6" "CRHOH6GROUPE6" -99999.0 -99999.0
1 147 461 461 412 0.00000 1.02000 0.00000 0.00000 0.00000 0.00000 0.00000 0.00000 false 1.06857 0.00000 -0.00000 0 0 "CAIL5Y611" "CAIL5Y611" -0.00000 -0.00000
1 148 461 461 412 0.00000 3.47000 0.00000 0.00000 0.00000 0.00000 0.00000 0.00000 false 0.00000 0.00000 -0.00000 0 0 "CAIL5Y612" "CAIL5Y612" -0.00000 -0.00000
1 149 461 461 412 0.00000 2.10000 0.00000 0.00000 0.00000 0.00000 0.00000 0.00000 false 0.00000 1.42098 -0.00000 0 0 "CAIL5INF" "CAIL5INF" -1.42098 -0.00000
1 150 461 461 412 0.00000 2.10000 0.00000 0.00000 0.00000 0.00000 0.00000 0.00000 true 1.06857 1.42098 -99999.0 0 0 "CAIL5ING" "CAIL5ING" -1.42098 -0.00000
1 151 468 468 418 0.00000 0.300000 0.00000 0.00000 0.00000 0.00000 0.00000 0.00000 false 0.00000 0.111767 -0.00000 0 0 "CARDIINF" "CARDIINF" -0.111767 -0.00000
1 152 467 467 418 0.00000 0.300000 0.00000 0.00000 0.00000 0.00000 0.00000 0.00000 false 0.00000 0.111767 -0.00000 0 0 "CARDIING" "CARDIING" -0.111767 -0.00000
1 153 476 476 423 260.000 1300.00 -408.181 -345.347 -345.347 463.803 532.053 532.053 true 1.06599 1251.00 -99999.0 0 0 "CATG17GROUP.1" "CATG17GROUP.1" -1255.69 153.683
1 154 477 477 424 260.000 1300.00 -408.195 -340.532 -340.532 463.819 526.469 526.469 true 1.06919 974.000 -99999.0 0 0 "CATG27GROUP.2" "CATG27GROUP.2" -978.694 84.7421
1 155 478 478 425 260.000 1300.00 -408.177 -346.672 -346.672 463.806 530.903 530.903 true 1.06697 1264.00 -99999.0 0 0 "CATG37GROUP.3" "CATG37GROUP.3" -1268.69 150.690
1 156 -1 -1 426 260.000 1300.00 -408.177 -346.672 -346.672 463.806 530.903 530.903 false 0.00000 0.00000 0.00000 0 0 "CATG47GROUP.4" "CATG47GROUP.4" -99999.0 -99999.0
1 157 479 479 427 0.00000 11.5000 0.00000 0.00000 0.00000 0.00000 0.00000 0.00000 false 1.04828 9.00000 -0.00000 0 0 "CAUDIIN1" "CAUDIIN1" -9.00000 -0.00000
1 158 479 479 427 0.00000 11.5000 0.00000 0.00000 0.00000 0.00000 0.00000 0.00000 false 1.04828 10.0000 -0.00000 0 0 "CAUDIIN2" "CAUDIIN2" -10.0000 -0.00000
1 159 486 486 434 0.00000 0.500000 0.00000 0.00000 0.00000 0.00000 0.00000 0.00000 false 0.00000 0.150855 -0.00000 0 0 "CHA.SINF" "CHA.SINF" -0.150855 -0.00000
1 160 487 487 434 0.00000 0.500000 0.00000 0.00000 0.00000 0.00000 0.00000 0.00000 true 1.04073 0.150855 -99999.0 0 0 "CHA.SING" "CHA.SING" -0.150855 -0.00000
1 161 -1 500 446 70.0000 90.0000 -49.0230 -46.9000 -46.9000 43.4270 52.1000 52.1000 false 0.00000 0.00000 0.00000 0 0 "CHAST6G1" "CHAST6G1" -99999.0 -99999.0
1 162 -1 501 446 60.0000 95.0000 -29.8250 -58.7000 -58.7000 35.3560 45.2000 45.2000 false 0.00000 0.00000 0.00000 0 0 "CHAST6G2" "CHAST6G2" -99999.0 -99999.0
1 163 -1 501 446 60.0000 102.000 -52.2050 -41.9000 -41.9000 43.0610 59.2000 59.2000 false 0.00000 0.00000 0.00000 0 0 "CHAST6G3" "CHAST6G3" -99999.0 -99999.0
1 164 502 502 447 0.00000 0.300000 0.00000 0.00000 0.00000 0.00000 0.00000 0.00000 false 0.00000 0.106320 -0.00000 0 0 "CHATIINF" "CHATIINF" -0.106320 -0.00000
1 165 -1 502 447 0.00000 0.300000 0.00000 0.00000 0.00000 0.00000 0.00000 0.00000 true 1.00000 0.106320 -99999.0 0 0 "CHATIING" "CHATIING" -99999.0 -99999.0
1 166 504 504 449 0.00000 0.300000 0.00000 0.00000 0.00000 0.00000 0.00000 0.00000 false 0.00000 0.106320 -0.00000 0 0 "CHENEINF" "CHENEINF" -0.106320 -0.00000
1 167 504 504 449 0.00000 0.300000 0.00000 0.00000 0.00000 0.00000 0.00000 0.00000 true 1.07123 0.118133 -99999.0 0 0 "CHENEING" "CHENEING" -0.118133 -0.00000
1 168 507 507 452 0.00000 0.900000 0.00000 0.00000 0.00000 0.00000 0.00000 0.00000 false 0.00000 0.330772 -0.00000 0 0 "CHEVIINF" "CHEVIINF" -0.330772 -0.00000
1 169 507 507 452 0.00000 0.900000 0.00000 0.00000 0.00000 0.00000 0.00000 0.00000 false 0.00000 0.330772 -0.00000 0 0 "CHEVIING" "CHEVIING" -0.330772 -0.00000
1 170 -1 508 453 -240.000 252.000 -107.250 -129.500 -61.2000 84.9250 146.300 75.7000 false 0.00000 0.00000 0.00000 0 0 "CHEY67G1" "CHEY67G1" -99999.0 -99999.0
1 171 -1 508 453 -240.000 252.000 -63.7000 -109.925 -129.800 92.4250 151.800 83.7000 false 0.00000 0.00000 0.00000 0 0 "CHEY67G2" "CHEY67G2" -99999.0 -99999.0
1 172 -1 509 454 176.000 905.000 -302.087 -238.428 -238.428 424.693 648.126 648.126 false 0.00000 0.00000 0.00000 0 0 "CHIN27CHIN21" "CHIN27CHIN21" -99999.0 -99999.0
1 173 510 510 454 176.000 905.000 -302.087 -238.428 -238.428 424.693 648.126 648.126 true 1.06835 829.848 -99999.0 0 0 "CHIN27CHIN22" "CHIN27CHIN22" -833.116 226.279
1 174 511 511 455 180.000 905.000 -323.094 -254.678 -254.678 467.724 667.650 667.650 true 1.06855 884.000 -99999.0 0 0 "CHINX7CHIN23" "CHINX7CHIN23" -887.268 213.508
1 175 -1 512 455 180.000 905.000 -323.104 -247.540 -247.540 467.726 666.131 666.131 false 0.00000 0.00000 0.00000 0 0 "CHINX7CHIN24" "CHINX7CHIN24" -99999.0 -99999.0
1 176 -1 514 457 291.000 1500.00 -380.806 -302.770 -302.770 423.200 505.636 505.636 false 0.00000 0.00000 0.00000 0 0 "CHOO17GROUP.1" "CHOO17GROUP.1" -99999.0 -99999.0
1 177 -1 515 458 291.000 1500.00 -380.806 -302.770 -302.770 423.204 505.636 505.636 false 0.00000 0.00000 0.00000 0 0 "CHOO27GROUP.2" "CHOO27GROUP.2" -99999.0 -99999.0
1 178 518 518 461 291.000 1495.00 -714.730 -606.370 -606.370 300.289 416.310 416.310 true 1.07415 1495.00 -99999.0 0 0 "CIVAU7CIVAU1" "CIVAU7CIVAU1" -1495.00 246.247
1 179 -1 519 461 291.000 1495.00 -715.697 -594.202 -594.202 300.270 408.630 408.630 false 0.00000 0.00000 0.00000 0 0 "CIVAU7CIVAU2" "CIVAU7CIVAU2" -99999.0 -99999.0
1 180 1597 1597 1385 0.00000 4.00000 0.00000 0.00000 0.00000 0.00000 0.00000 0.00000 false 1.07044 1.00000 -0.00000 0 0 "CLEONIN1" "CLEONIN1" -1.00000 -0.00000
1 181 532 532 473 0.00000 0.300000 0.00000 0.00000 0.00000 0.00000 0.00000 0.00000 false 0.00000 0.185345 -0.00000 0 0 "CONCEINF" "CONCEINF" -0.185345 -0.00000
1 182 532 532 473 0.00000 0.300000 0.00000 0.00000 0.00000 0.00000 0.00000 0.00000 false 0.00000 0.185345 -0.00000 0 0 "CONCEING" "CONCEING" -0.185345 -0.00000
1 183 -1 544 483 270.000 580.000 -201.095 -171.571 -171.571 295.925 319.122 319.122 false 0.00000 0.00000 0.00000 0 0 "CORD56CORD54" "CORD56CORD54" -99999.0 -99999.0
1 184 -1 543 483 270.000 580.000 -204.100 -172.985 -172.985 295.921 320.122 320.122 false 0.00000 0.00000 0.00000 0 0 "CORD56CORD55" "CORD56CORD55" -99999.0 -99999.0
1 185 -1 545 484 180.000 685.000 -296.000 -230.939 -230.939 219.000 302.650 302.650 false 0.00000 0.00000 0.00000 0 0 "CORD57CORD53" "CORD57CORD53" -99999.0 -99999.0
1 186 -1 546 485 0.00000 21.0000 -4.74000 -12.4000 -12.4000 6.86000 10.5000 10.5000 false 0.00000 0.00000 0.00000 0 0 "CORDE6G1" "CORDE6G1" -99999.0 -99999.0
1 187 -1 546 485 0.400000 42.0000 -21.5300 -31.3000 -31.3000 17.8300 27.1000 27.1000 false 0.00000 0.00000 0.00000 0 0 "CORDE6G2" "CORDE6G2" -99999.0 -99999.0
1 188 549 549 487 0.00000 0.500000 0.00000 0.00000 0.00000 0.00000 0.00000 0.00000 false 0.00000 0.183617 -0.00000 0 0 "CORMEINF" "CORMEINF" -0.183617 -0.00000
1 189 549 549 487 0.00000 0.500000 0.00000 0.00000 0.00000 0.00000 0.00000 0.00000 false 0.00000 0.183617 -0.00000 0 0 "CORMEING" "CORMEING" -0.183617 -0.00000
1 190 550 550 488 0.00000 0.600000 0.00000 0.00000 0.00000 0.00000 0.00000 0.00000 false 0.00000 0.224453 -0.00000 0 0 "COSSIINF" "COSSIINF" -0.224453 -0.00000
1 191 -1 554 492 17.0000 31.3000 -18.4400 -21.6000 -21.6000 11.6090 15.6000 15.6000 false 0.00000 0.00000 0.00000 0 0 "COUES6G1" "COUES6G1" -99999.0 -99999.0
1 192 -1 554 492 17.0000 31.3000 -19.6740 -23.0000 -23.0000 14.9750 18.8000 18.8000 false 0.00000 0.00000 0.00000 0 0 "COUES6G2" "COUES6G2" -99999.0 -99999.0
1 193 -1 554 492 30.0000 62.0000 -49.8580 -45.7000 -45.7000 24.1980 33.6000 33.6000 false 0.00000 0.00000 0.00000 0 0 "COUES6G3" "COUES6G3" -99999.0 -99999.0
1 194 555 555 493 0.00000 40.0000 0.00000 0.00000 0.00000 0.00000 0.00000 0.00000 false 1.06582 37.0000 -0.00000 0 0 "COUFFIN1" "COUFFIN1" -37.0000 -0.00000
1 195 555 555 493 0.00000 21.0000 0.00000 0.00000 0.00000 0.00000 0.00000 0.00000 false 1.06582 19.0000 -0.00000 0 0 "COUFFIN2" "COUFFIN2" -19.0000 -0.00000
1 196 1598 1598 1386 0.00000 0.200000 0.00000 0.00000 0.00000 0.00000 0.00000 0.00000 false 0.00000 0.0708798 -0.00000 0 0 "CRETAINF" "CRETAINF" -0.0708798 -0.00000
1 197 1598 1598 1386 0.00000 0.200000 0.00000 0.00000 0.00000 0.00000 0.00000 0.00000 false 0.00000 0.0708798 -0.00000 0 0 "CRETAING" "CRETAING" -0.0708798 -0.00000
1 198 571 571 505 0.00000 24.3000 0.00000 0.00000 0.00000 0.00000 0.00000 0.00000 false 1.04263 18.0000 -0.00000 0 0 "CROI5IN1" "CROI5IN1" -18.0000 -0.00000
1 199 571 571 505 0.00000 33.6000 0.00000 0.00000 0.00000 0.00000 0.00000 0.00000 false 1.04263 27.0000 -0.00000 0 0 "CROI5IN3" "CROI5IN3" -27.0000 -0.00000
1 200 571 571 505 0.00000 29.0000 0.00000 0.00000 0.00000 0.00000 0.00000 0.00000 false 1.04263 23.0000 -0.00000 0 0 "CROI5IN2" "CROI5IN2" -23.0000 -0.00000
1 201 578 578 511 176.000 915.000 -265.869 -217.629 -217.629 407.111 448.166 448.166 true 1.06376 859.578 -99999.0 0 0 "CRUA57TRANCHE1" "CRUA57TRANCHE1" -862.882 114.602
1 202 580 580 511 176.000 915.000 -276.863 -226.570 -226.570 381.150 436.575 436.575 true 1.06384 892.595 -99999.0 0 0 "CRUA57TRANCHE2" "CRUA57TRANCHE2" -895.899 102.358
1 203 579 579 511 176.000 915.000 -267.880 -223.745 -223.745 412.147 466.545 466.545 true 1.06386 904.601 -99999.0 0 0 "CRUA57TRANCHE3" "CRUA57TRANCHE3" -907.904 90.0120
1 204 -1 -1 511 176.000 915.000 -267.880 -223.745 -223.745 412.147 466.545 466.545 false 0.00000 0.00000 0.00000 0 0 "CRUA57TRANCHE4" "CRUA57TRANCHE4" -99999.0 -99999.0
1 205 584 584 515 0.00000 5.45000 0.00000 0.00000 0.00000 0.00000 0.00000 0.00000 false 1.06391 2.00000 -0.00000 0 0 "CTAURY612" "CTAURY612" -2.00000 -0.00000
1 206 -1 588 519 0.400000 52.0000 -26.8900 -39.2000 -39.2000 14.4700 27.6000 27.6000 false 0.00000 0.00000 0.00000 0 0 "CURBH6GROUPE1" "CURBH6GROUPE1" -99999.0 -99999.0
1 207 -1 588 519 0.400000 52.0000 -26.8900 -39.2000 -39.2000 14.4700 27.6000 27.6000 false 0.00000 0.00000 0.00000 0 0 "CURBH6GROUPE2" "CURBH6GROUPE2" -99999.0 -99999.0
1 208 588 588 519 0.400000 52.0000 -26.8900 -39.2000 -39.2000 14.4700 27.6000 27.6000 true 1.04812 0.00000 -99999.0 0 0 "CURBH6GROUPE3" "CURBH6GROUPE3" -0.00000 31.4649
1 209 -1 594 525 180.000 451.000 -174.254 -143.717 -143.717 129.183 143.836 143.836 false 0.00000 0.00000 0.00000 0 0 "CYCOF.TG1" "CYCOF.TG1" -99999.0 -99999.0
1 210 -1 595 525 21.0000 63.0000 -22.8000 -11.0000 -11.0000 33.0000 38.4000 38.4000 false 0.00000 0.00000 0.00000 0 0 "CYCOF.TG2" "CYCOF.TG2" -99999.0 -99999.0
1 211 597 597 527 0.00000 0.200000 0.00000 0.00000 0.00000 0.00000 0.00000 0.00000 false 0.00000 0.0708798 -0.00000 0 0 "CZNEUINF" "CZNEUINF" -0.0708798 -0.00000
1 212 597 597 527 0.00000 0.200000 0.00000 0.00000 0.00000 0.00000 0.00000 0.00000 false 0.00000 0.0708798 -0.00000 0 0 "CZNEUING" "CZNEUING" -0.0708798 -0.00000
1 213 -1 603 531 180.000 890.000 -368.286 -300.373 -300.373 466.126 528.493 528.493 false 0.00000 0.00000 0.00000 0 0 "D.BUR7D.BUR1" "D.BUR7D.BUR1" -99999.0 -99999.0
1 214 602 602 531 180.000 890.000 -368.286 -300.373 -300.373 466.729 528.478 528.478 true 1.07006 887.000 -99999.0 0 0 "D.BUR7D.BUR2" "D.BUR7D.BUR2" -890.000 229.049
1 215 -1 605 532 180.000 890.000 -368.286 -300.373 -300.373 466.829 528.476 528.476 false 0.00000 0.00000 0.00000 0 0 "D.BUX7D.BUR3" "D.BUX7D.BUR3" -99999.0 -99999.0
1 216 604 604 532 180.000 890.000 -368.286 -300.373 -300.373 466.829 528.476 528.476 true 1.07011 845.000 -99999.0 0 0 "D.BUX7D.BUR4" "D.BUX7D.BUR4" -848.213 210.061
1 217 606 606 533 0.00000 1.00000 0.00000 0.00000 0.00000 0.00000 0.00000 0.00000 false 0.00000 0.512426 -0.00000 0 0 "D.FRAINF" "D.FRAINF" -0.512426 -0.00000
1 218 606 606 533 0.00000 1.00000 0.00000 0.00000 0.00000 0.00000 0.00000 0.00000 false 0.00000 0.512426 -0.00000 0 0 "D.FRAING" "D.FRAING" -0.512426 -0.00000
1 219 -1 624 549 0.00000 70.0000 -53.3300 -56.7000 -56.7000 35.7800 45.4000 45.4000 false 0.00000 0.00000 0.00000 0 0 "PRAGN6G1" "PRAGN6G1" -99999.0 -99999.0
1 220 -1 624 549 0.400000 80.0000 -53.3600 -60.8000 -60.8000 44.4200 50.7000 50.7000 false 0.00000 0.00000 0.00000 0 0 "PRAGN6G2" "PRAGN6G2" -99999.0 -99999.0
1 221 624 624 549 0.00000 35.0000 -20.7250 -20.1000 -20.1000 8.95000 17.2000 17.2000 true 1.05197 26.2344 -99999.0 0 0 "PRAGN6G3" "PRAGN6G3" -26.3607 20.0626
1 222 633 633 557 0.00000 0.500000 0.00000 0.00000 0.00000 0.00000 0.00000 0.00000 false 0.00000 0.206520 -0.00000 0 0 "DOULOINF" "DOULOINF" -0.206520 -0.00000
1 223 633 633 557 0.00000 0.500000 0.00000 0.00000 0.00000 0.00000 0.00000 0.00000 false 0.00000 0.206520 -0.00000 0 0 "DOULOING" "DOULOING" -0.206520 -0.00000
1 224 634 634 558 0.00000 0.500000 0.00000 0.00000 0.00000 0.00000 0.00000 0.00000 true 1.06951 0.184687 -99999.0 0 0 "DOUVRING" "DOUVRING" -0.184687 -0.00000
1 225 637 637 560 0.00000 4.00000 0.00000 0.00000 0.00000 0.00000 0.00000 0.00000 false 1.08036 3.00000 -0.00000 0 0 "DRONNIN1" "DRONNIN1" -3.00000 -0.00000
1 226 639 639 562 0.00000 2.10000 0.00000 0.00000 0.00000 0.00000 0.00000 0.00000 false 0.00000 1.19364 -0.00000 0 0 "DURANINF" "DURANINF" -1.19364 -0.00000
1 227 639 639 562 0.00000 2.10000 0.00000 0.00000 0.00000 0.00000 0.00000 0.00000 false 0.00000 1.19364 -0.00000 0 0 "DURANING" "DURANING" -1.19364 -0.00000
1 228 641 641 564 0.00000 1.50000 0.00000 0.00000 0.00000 0.00000 0.00000 0.00000 false 0.00000 0.988507 -0.00000 0 0 "E.BOTINF" "E.BOTINF" -0.988507 -0.00000
1 229 641 641 564 0.00000 1.50000 0.00000 0.00000 0.00000 0.00000 0.00000 0.00000 false 0.00000 0.988507 -0.00000 0 0 "E.BOTING" "E.BOTING" -0.988507 -0.00000
1 230 -1 642 565 185.000 433.900 -163.960 -176.900 -176.900 135.470 159.210 159.210 false 0.00000 0.00000 0.00000 0 0 "SSAVO7E.HU7" "SSAVO7E.HU7" -99999.0 -99999.0
1 231 643 643 565 185.000 433.900 -163.960 -176.900 -176.900 135.470 159.210 159.210 true 1.06820 311.704 -99999.0 0 0 "SSAVO8E.HU8" "SSAVO8E.HU8" -313.271 -1.07001
1 232 644 644 566 150.000 285.000 -20.0000 -14.0000 -14.0000 130.000 150.000 150.000 true 1.05000 0.00000 -99999.0 0 0 "SSAVO6E.HU5" "SSAVO6E.HU5" -99999.0 -99999.0
1 233 645 645 566 368.000 595.000 -117.340 -94.4970 -94.4970 258.565 278.552 278.552 true 1.05000 0.00000 -99999.0 0 0 "SSAVO6E.HU6" "SSAVO6E.HU6" -99999.0 -99999.0
1 234 -1 654 574 0.00000 31.6200 -10.0000 -10.0000 -10.0000 10.0000 10.0000 10.0000 false 0.00000 0.00000 0.00000 0 0 "ENCHA6G1" "ENCHA6G1" -99999.0 -99999.0
1 235 658 658 577 0.00000 79.9500 -28.0000 -22.4000 -22.4000 25.6000 24.0000 24.0000 false 1.07342 51.7718 12.2348 0 0 "EPIZO.TG1" "EPIZO.TG1" -51.7718 12.2348
1 236 661 661 580 0.00000 52.0000 -40.0000 -13.3330 -13.3330 11.0000 7.66700 7.66700 true 1.04856 43.4718 -99999.0 0 0 "ESPI56EOLIEN" "ESPI56EOLIEN" -43.4718 21.5371
1 237 667 667 586 0.00000 11.7500 0.00000 0.00000 0.00000 0.00000 0.00000 0.00000 false 1.04505 10.0000 -0.00000 0 0 "F.EAUIN1" "F.EAUIN1" -10.0000 -0.00000
1 238 667 667 586 0.00000 0.300000 0.00000 0.00000 0.00000 0.00000 0.00000 0.00000 false 0.00000 0.113654 -0.00000 0 0 "F.EAUINF" "F.EAUINF" -0.113654 -0.00000
1 239 672 672 591 0.00000 11.2400 0.00000 0.00000 0.00000 0.00000 0.00000 0.00000 false 1.06933 6.00000 -0.00000 0 0 "FAVARY612" "FAVARY612" -6.00000 -0.00000
1 240 -1 676 594 180.000 880.000 -410.289 -339.260 -339.260 440.847 507.573 507.573 false 0.00000 0.00000 0.00000 0 0 "MUHLB7FESS5.1" "MUHLB7FESS5.1" -99999.0 -99999.0
1 241 -1 677 594 180.000 880.000 -408.330 -341.419 -341.419 440.906 507.571 507.571 false 0.00000 0.00000 0.00000 0 0 "MUHLB7FESS5.2" "MUHLB7FESS5.2" -99999.0 -99999.0
1 242 -1 687 600 260.000 1330.00 -519.404 -375.365 -375.365 244.101 208.091 208.091 false 0.00000 0.00000 0.00000 0 0 "FLAMA7FLAMAT1" "FLAMA7FLAMAT1" -99999.0 -99999.0
1 243 -1 688 600 260.000 1330.00 -520.404 -376.365 -376.365 243.101 207.091 207.091 false 0.00000 0.00000 0.00000 0 0 "FLAMA7FLAMAT2" "FLAMA7FLAMAT2" -99999.0 -99999.0
1 244 -1 686 600 275.000 1675.00 -870.000 -870.000 -870.000 456.091 395.000 395.000 false 0.00000 0.00000 0.00000 0 0 "FLAMA.TG3" "FLAMA.TG3" -99999.0 -99999.0
1 245 718 718 623 0.00000 24.6000 0.00000 0.00000 0.00000 0.00000 0.00000 0.00000 false 1.07155 15.0000 -0.00000 0 0 "G.CAIIN1" "G.CAIIN1" -15.0000 -0.00000
1 246 718 718 623 0.00000 0.300000 0.00000 0.00000 0.00000 0.00000 0.00000 0.00000 false 0.00000 0.100364 -0.00000 0 0 "G.CAIINF" "G.CAIINF" -0.100364 -0.00000
1 247 718 718 623 0.00000 0.300000 0.00000 0.00000 0.00000 0.00000 0.00000 0.00000 false 0.00000 0.100364 -0.00000 0 0 "G.CAIING" "G.CAIING" -0.100364 -0.00000
1 248 -1 728 632 174.000 446.000 -182.350 -211.750 -211.750 198.897 248.897 248.897 false 0.00000 0.00000 0.00000 0 0 "G.RIV.TG1" "G.RIV.TG1" -99999.0 -99999.0
1 249 731 731 635 0.00000 0.300000 0.00000 0.00000 0.00000 0.00000 0.00000 0.00000 false 0.00000 0.118133 -0.00000 0 0 "GALERINF" "GALERINF" -0.118133 -0.00000
1 250 732 732 635 0.00000 0.300000 0.00000 0.00000 0.00000 0.00000 0.00000 0.00000 false 0.00000 0.118133 -0.00000 0 0 "GALERING" "GALERING" -0.118133 -0.00000
1 251 740 740 643 0.00000 2.00000 0.00000 0.00000 0.00000 0.00000 0.00000 0.00000 false 1.06900 0.00000 -0.00000 0 0 "GARD7Y611" "GARD7Y611" -0.00000 -0.00000
1 252 740 740 643 0.00000 3.46000 0.00000 0.00000 0.00000 0.00000 0.00000 0.00000 false 1.06900 1.00000 -0.00000 0 0 "GARD7Y612" "GARD7Y612" -1.00000 -0.00000
1 253 740 740 643 0.00000 3.00000 0.00000 0.00000 0.00000 0.00000 0.00000 0.00000 false 0.00000 2.03880 -0.00000 0 0 "GARD7ING" "GARD7ING" -2.03880 -0.00000
1 254 749 749 652 0.00000 66.0000 -40.8470 -36.5100 -36.5100 16.6320 25.6700 25.6700 true 1.06306 66.0000 -99999.0 0 0 "GEN.P6G1" "GEN.P6G1" -66.0000 -16.6029
1 255 -1 752 652 0.00000 66.0000 -41.0350 -36.5600 -36.5600 27.3700 28.9200 28.9200 false 0.00000 0.00000 0.00000 0 0 "GEN.P6G2" "GEN.P6G2" -99999.0 -99999.0
1 256 751 751 652 0.00000 66.0000 -41.1120 -36.5830 -36.5830 31.7200 36.3660 36.3660 true 1.06307 66.0000 -99999.0 0 0 "GEN.P6G3" "GEN.P6G3" -66.0000 -15.0955
1 257 750 750 652 0.00000 66.0000 -46.1800 -41.9310 -41.9310 12.3300 21.3300 21.3300 true 1.05000 4.13024e-09 -99999.0 0 0 "GEN.P6G4" "GEN.P6G4" -99999.0 -99999.0
1 258 -1 753 652 0.00000 70.0000 -46.2500 -41.8000 -41.8000 25.9200 36.5650 36.5650 false 0.00000 0.00000 0.00000 0 0 "GEN.P6G5" "GEN.P6G5" -99999.0 -99999.0
1 259 754 754 652 0.00000 66.0000 -45.7400 -41.8000 -41.8000 27.3100 36.7640 36.7640 true 1.06314 66.0000 -99999.0 0 0 "GEN.P6G6" "GEN.P6G6" -66.0000 -22.0934
1 260 -1 756 654 0.00000 237.000 -120.711 -141.777 -141.777 71.8060 98.6660 98.6660 false 0.00000 0.00000 0.00000 0 0 "GENN36GENN3T1" "GENN36GENN3T1" -99999.0 -99999.0
1 261 760 760 658 0.00000 1.70000 0.00000 0.00000 0.00000 0.00000 0.00000 0.00000 false 0.00000 0.611119 -0.00000 0 0 "GINESINF" "GINESINF" -0.611119 -0.00000
1 262 760 760 658 0.00000 1.70000 0.00000 0.00000 0.00000 0.00000 0.00000 0.00000 false 0.00000 0.611119 -0.00000 0 0 "GINESING" "GINESING" -0.611119 -0.00000
1 263 -1 -1 663 260.000 1310.00 -578.147 -500.941 -500.941 443.858 517.976 517.976 false 0.00000 0.00000 0.00000 0 0 "GOLF57GOLF51" "GOLF57GOLF51" -99999.0 -99999.0
1 264 766 766 663 266.000 1310.00 -578.147 -501.382 -501.382 443.858 517.552 517.552 true 1.06288 1188.00 -99999.0 0 0 "GOLF57GOLF52" "GOLF57GOLF52" -1192.73 237.029
1 265 -1 767 664 0.00000 26.5000 -6.62000 -17.6400 -17.6400 8.82000 17.6400 17.6400 false 0.00000 0.00000 0.00000 0 0 "GOLIN6G1" "GOLIN6G1" -99999.0 -99999.0
1 266 -1 767 664 0.00000 26.5000 -6.62000 -17.6400 -17.6400 8.82000 17.6400 17.6400 false 0.00000 0.00000 0.00000 0 0 "GOLIN6G2" "GOLIN6G2" -99999.0 -99999.0
1 267 771 771 668 120.000 453.000 -169.360 -123.943 -123.943 119.620 154.063 154.063 true 1.05310 355.450 -99999.0 0 0 "GRACI.TG1" "GRACI.TG1" -357.085 29.8364
1 268 772 772 669 0.00000 1.70000 0.00000 0.00000 0.00000 0.00000 0.00000 0.00000 false 0.00000 0.616764 -0.00000 0 0 "GRAFFINF" "GRAFFINF" -0.616764 -0.00000
1 269 772 772 669 0.00000 1.70000 0.00000 0.00000 0.00000 0.00000 0.00000 0.00000 false 0.00000 0.616764 -0.00000 0 0 "GRAFFING" "GRAFFING" -0.616764 -0.00000
1 270 -1 773 670 10.0000 36.2000 -20.8800 -23.5000 -23.5000 12.6500 21.2000 21.2000 false 0.00000 0.00000 0.00000 0 0 "GRANH6G1" "GRANH6G1" -99999.0 -99999.0
1 271 -1 773 670 10.0000 36.2000 -18.6560 -21.0000 -21.0000 11.5740 20.4000 20.4000 false 0.00000 0.00000 0.00000 0 0 "GRANH6G2" "GRANH6G2" -99999.0 -99999.0
1 272 -1 783 674 180.000 910.000 -281.000 -218.281 -218.281 453.990 507.465 507.465 false 0.00000 0.00000 0.00000 0 0 "GRAV57GRAV5T1" "GRAV57GRAV5T1" -99999.0 -99999.0
1 273 782 782 674 180.000 910.000 -281.000 -224.102 -224.102 453.990 506.603 506.603 true 1.06806 893.637 -99999.0 0 0 "GRAV57GRAV5T2" "GRAV57GRAV5T2" -896.923 113.547
1 274 -1 781 674 180.000 910.000 -281.000 -218.281 -218.281 453.990 507.465 507.465 false 0.00000 0.00000 0.00000 0 0 "GRAV57GRAV5T3" "GRAV57GRAV5T3" -99999.0 -99999.0
1 275 780 780 674 180.000 910.000 -281.000 -218.281 -218.281 453.990 507.465 507.465 true 1.06921 910.000 -99999.0 0 0 "GRAV57GRAV5T4" "GRAV57GRAV5T4" -910.000 38.5464
1 276 779 779 674 180.000 910.000 -281.000 -218.281 -218.281 453.990 507.465 507.465 true 1.06936 870.585 -99999.0 0 0 "GRAV57GRAV5T5" "GRAV57GRAV5T5" -873.870 25.4022
1 277 -1 778 674 180.000 910.000 -285.687 -218.149 -218.149 452.822 507.497 507.497 false 0.00000 0.00000 0.00000 0 0 "GRAV57GRAV5T6" "GRAV57GRAV5T6" -99999.0 -99999.0
1 278 -1 793 682 13.0000 21.3500 -7.75000 -10.7900 -10.7900 8.04000 17.3200 17.3200 false 0.00000 0.00000 0.00000 0 0 "GUER8.TG1" "GUER8.TG1" -99999.0 -99999.0
1 279 -1 795 684 10.0000 100.000 -76.8420 -86.9680 -86.9680 90.6250 205.208 205.208 false 0.00000 0.00000 0.00000 0 0 "COGE36GUESDT1" "COGE36GUESDT1" -99999.0 -99999.0
1 280 798 798 687 0.00000 53.0000 0.00000 0.00000 0.00000 0.00000 0.00000 0.00000 false 1.07814 34.0000 -0.00000 0 0 "H.VIEIN2" "H.VIEIN2" -34.0000 -0.00000
1 281 798 798 687 0.00000 40.0000 0.00000 0.00000 0.00000 0.00000 0.00000 0.00000 false 1.07814 31.0000 -0.00000 0 0 "H.VIEIN1" "H.VIEIN1" -31.0000 -0.00000
1 282 798 798 687 0.00000 97.7000 0.00000 0.00000 0.00000 0.00000 0.00000 0.00000 false 1.07814 54.0000 -0.00000 0 0 "H.VIEIN3" "H.VIEIN3" -54.0000 -0.00000
1 283 805 805 692 0.00000 2.50000 0.00000 0.00000 0.00000 0.00000 0.00000 0.00000 false 0.00000 0.790315 -0.00000 0 0 "HARDTINF" "HARDTINF" -0.790315 -0.00000
1 284 -1 808 695 270.000 580.000 -218.387 -194.373 -194.373 297.700 316.257 316.257 false 0.00000 0.00000 0.00000 0 0 "HAVRE6HAVRET4" "HAVRE6HAVRET4" -99999.0 -99999.0
1 285 810 810 697 0.00000 0.500000 0.00000 0.00000 0.00000 0.00000 0.00000 0.00000 false 0.00000 0.184687 -0.00000 0 0 "HELLEINF" "HELLEINF" -0.184687 -0.00000
1 286 810 810 697 0.00000 0.500000 0.00000 0.00000 0.00000 0.00000 0.00000 0.00000 false 0.00000 0.184687 -0.00000 0 0 "HELLEING" "HELLEING" -0.184687 -0.00000
1 287 -1 813 699 0.00000 58.8000 -15.1710 -20.3000 -20.3000 30.9140 42.8000 42.8000 false 0.00000 0.00000 0.00000 0 0 "HERMI6G1" "HERMI6G1" -99999.0 -99999.0
1 288 -1 813 699 0.00000 58.8000 -13.9690 -20.6000 -20.6000 32.1150 43.0000 43.0000 false 0.00000 0.00000 0.00000 0 0 "HERMI6G2" "HERMI6G2" -99999.0 -99999.0
1 289 -1 818 704 -12.6000 31.1000 -16.3050 -16.3050 -16.3050 13.9190 15.2000 20.6000 false 0.00000 0.00000 0.00000 0 0 "HOSPI6G1" "HOSPI6G1" -99999.0 -99999.0
1 290 -1 818 704 -12.7000 31.1000 -17.0670 -15.7000 -15.7000 13.3880 14.7000 20.5000 false 0.00000 0.00000 0.00000 0 0 "HOSPI6G2" "HOSPI6G2" -99999.0 -99999.0
1 291 -1 818 704 5.00000 31.1000 -16.5360 -14.7000 -14.7000 13.8570 15.3000 15.3000 false 0.00000 0.00000 0.00000 0 0 "HOSPI6G3" "HOSPI6G3" -99999.0 -99999.0
1 292 827 827 712 0.00000 44.0000 -25.2000 -14.4630 -14.4630 19.3000 19.0890 19.0890 false 1.07698 25.3640 12.9825 0 0 "E4J.V.TG1" "E4J.V.TG1" -25.3640 12.9825
1 293 839 839 722 0.00000 63.2750 -22.1500 -22.1500 -22.1500 20.2500 20.2500 20.2500 true 1.04718 45.5518 -99999.0 0 0 "JUSTI.TG1" "JUSTI.TG1" -45.5518 -0.121388
1 294 -1 851 731 8.00000 20.5000 -16.8810 -18.6000 -18.6000 13.8680 20.9000 20.9000 false 0.00000 0.00000 0.00000 0 0 "LANAU.HG1" "LANAU.HG1" -99999.0 -99999.0
1 295 -1 862 739 4.00000 43.8000 -19.1670 -16.6000 -16.6000 15.5630 19.8000 19.8000 false 0.00000 0.00000 0.00000 0 0 "LAPAR6G1" "LAPAR6G1" -99999.0 -99999.0
1 296 -1 864 741 0.00000 23.1400 -6.94000 -6.94000 -6.94000 6.94000 6.94000 6.94000 false 0.00000 0.00000 0.00000 0 0 "LARDI6G1" "LARDI6G1" -99999.0 -99999.0
1 297 -1 864 741 0.00000 23.1400 -6.94000 -6.94000 -6.94000 6.94000 6.94000 6.94000 false 0.00000 0.00000 0.00000 0 0 "LARDI6G2" "LARDI6G2" -99999.0 -99999.0
1 298 881 881 755 0.00000 6.80000 0.00000 0.00000 0.00000 0.00000 0.00000 0.00000 false 1.05675 6.00000 -0.00000 0 0 "LIVIEIN2" "LIVIEIN2" -6.00000 -0.00000
1 299 884 884 758 0.00000 0.200000 0.00000 0.00000 0.00000 0.00000 0.00000 0.00000 false 0.00000 0.0708798 -0.00000 0 0 "LOGESING" "LOGESING" -0.0708798 -0.00000
1 300 885 885 759 0.00000 1.30000 0.00000 0.00000 0.00000 0.00000 0.00000 0.00000 false 0.00000 0.471016 -0.00000 0 0 "LONG4INF" "LONG4INF" -0.471016 -0.00000
1 301 885 885 759 0.00000 1.30000 0.00000 0.00000 0.00000 0.00000 0.00000 0.00000 false 0.00000 0.471016 -0.00000 0 0 "LONG4ING" "LONG4ING" -0.471016 -0.00000
1 302 894 894 767 0.00000 15.3000 0.00000 0.00000 0.00000 0.00000 0.00000 0.00000 false 1.00852 10.0000 -0.00000 0 0 "M.BRUIN5" "M.BRUIN5" -10.0000 -0.00000
1 303 896 896 769 0.00000 0.200000 0.00000 0.00000 0.00000 0.00000 0.00000 0.00000 false 0.00000 0.0710335 -0.00000 0 0 "M.LILINF" "M.LILINF" -0.0710335 -0.00000
1 304 897 897 769 0.00000 0.200000 0.00000 0.00000 0.00000 0.00000 0.00000 0.00000 false 0.00000 0.0710335 -0.00000 0 0 "M.LILING" "M.LILING" -0.0710335 -0.00000
1 305 898 898 770 0.00000 16.0000 0.00000 0.00000 0.00000 0.00000 0.00000 0.00000 false 1.05940 6.00000 -0.00000 0 0 "M.MA5IN1" "M.MA5IN1" -6.00000 -0.00000
1 306 898 898 770 0.00000 8.00000 0.00000 0.00000 0.00000 0.00000 0.00000 0.00000 false 1.05940 4.00000 -0.00000 0 0 "M.MA5IN2" "M.MA5IN2" -4.00000 -0.00000
1 307 898 898 770 0.00000 0.200000 0.00000 0.00000 0.00000 0.00000 0.00000 0.00000 false 0.00000 0.0556500 -0.00000 0 0 "M.MA5INF" "M.MA5INF" -0.0556500 -0.00000
1 308 898 898 770 0.00000 0.200000 0.00000 0.00000 0.00000 0.00000 0.00000 0.00000 false 0.00000 0.0742000 -0.00000 0 0 "M.MA5ING" "M.MA5ING" -0.0742000 -0.00000
1 309 902 902 773 115.000 298.000 -173.533 -154.000 -154.000 89.6340 103.000 103.000 true 1.06171 156.828 -99999.0 0 0 "M.PON.TG51" "M.PON.TG51" -157.904 -21.9818
1 310 902 902 773 70.0000 190.000 -77.0000 -66.0000 -66.0000 124.000 133.000 133.000 true 1.06171 94.8711 -99999.0 0 0 "M.PON.TG52" "M.PON.TG52" -95.5571 -21.9818
1 311 907 907 778 0.00000 0.300000 0.00000 0.00000 0.00000 0.00000 0.00000 0.00000 false 0.00000 0.118133 -0.00000 0 0 "MALA6INF" "MALA6INF" -0.118133 -0.00000
1 312 907 907 778 0.00000 0.300000 0.00000 0.00000 0.00000 0.00000 0.00000 0.00000 false 0.00000 0.118133 -0.00000 0 0 "MALA6ING" "MALA6ING" -0.118133 -0.00000
1 313 908 908 779 0.00000 0.200000 0.00000 0.00000 0.00000 0.00000 0.00000 0.00000 false 0.00000 0.0604450 -0.00000 0 0 "MALECINF" "MALECINF" -0.0604450 -0.00000
1 314 908 908 779 0.00000 0.200000 0.00000 0.00000 0.00000 0.00000 0.00000 0.00000 false 0.00000 0.0604450 -0.00000 0 0 "MALECING" "MALECING" -0.0604450 -0.00000
1 315 -1 909 780 0.00000 80.0000 -50.4500 -47.7000 -47.7000 46.0750 64.2000 64.2000 false 0.00000 0.00000 0.00000 0 0 "MALGO6G1" "MALGO6G1" -99999.0 -99999.0
1 316 -1 909 780 0.00000 76.0000 -42.1500 -37.4000 -37.4000 33.3500 36.6000 36.6000 false 0.00000 0.00000 0.00000 0 0 "MALGO6G2" "MALGO6G2" -99999.0 -99999.0
1 317 -1 909 780 0.00000 76.0000 -41.7250 -37.1000 -37.1000 32.8000 36.8000 36.8000 false 0.00000 0.00000 0.00000 0 0 "MALGO6G3" "MALGO6G3" -99999.0 -99999.0
1 318 -1 909 780 0.00000 80.0000 -52.2500 -50.5000 -50.5000 45.8250 65.2000 65.2000 false 0.00000 0.00000 0.00000 0 0 "MALGO6G4" "MALGO6G4" -99999.0 -99999.0
1 319 -1 911 782 0.400000 32.5700 -16.2000 -13.2000 -13.2000 18.2940 22.3000 22.3000 false 0.00000 0.00000 0.00000 0 0 "MALLE6GROUPE1" "MALLE6GROUPE1" -99999.0 -99999.0
1 320 -1 911 782 0.400000 32.5700 -16.2000 -13.2000 -13.2000 18.2940 22.3000 22.3000 false 0.00000 0.00000 0.00000 0 0 "MALLE6GROUPE2" "MALLE6GROUPE2" -99999.0 -99999.0
1 321 911 911 782 0.400000 32.5700 -16.2000 -13.2000 -13.2000 18.2940 22.3000 22.3000 true 1.06031 9.00734 -99999.0 0 0 "MALLE6GROUPE3" "MALLE6GROUPE3" -9.12494 -1.02392
1 322 916 916 786 0.00000 50.0000 -20.8000 -18.4000 -18.4000 29.5330 38.6000 38.6000 true 1.06695 16.8505 -99999.0 0 0 "MANOS6GROUPE1" "MANOS6GROUPE1" -17.0310 15.7974
1 323 921 921 791 0.00000 22.3000 0.00000 0.00000 0.00000 0.00000 0.00000 0.00000 false 1.06858 13.0000 -0.00000 0 0 "MAROLIN4" "MAROLIN4" -13.0000 -0.00000
1 324 929 929 798 0.00000 0.200000 0.00000 0.00000 0.00000 0.00000 0.00000 0.00000 false 0.00000 0.0716889 -0.00000 0 0 "MAUBEING" "MAUBEING" -0.0716889 -0.00000
1 325 932 932 801 0.00000 1.00000 0.00000 0.00000 0.00000 0.00000 0.00000 0.00000 false 0.00000 0.679599 -0.00000 0 0 "MAZARINF" "MAZARINF" -0.679599 -0.00000
1 326 932 932 801 0.00000 1.00000 0.00000 0.00000 0.00000 0.00000 0.00000 0.00000 false 0.00000 0.679599 -0.00000 0 0 "MAZARING" "MAZARING" -0.679599 -0.00000
1 327 -1 939 808 0.00000 21.0000 0.00000 0.00000 0.00000 0.00000 0.00000 0.00000 false 0.00000 16.9542 0.00000 0 0 "MEREN6G1" "MEREN6G1" -99999.0 -99999.0
1 328 -1 939 808 0.00000 21.0000 0.00000 0.00000 0.00000 0.00000 0.00000 0.00000 false 0.00000 0.00000 0.00000 0 0 "MEREN6G2" "MEREN6G2" -99999.0 -99999.0
1 329 944 944 813 0.00000 2.00000 0.00000 0.00000 0.00000 0.00000 0.00000 0.00000 false 0.00000 0.930774 -0.00000 0 0 "MIOLLINF" "MIOLLINF" -0.930774 -0.00000
1 330 948 948 816 0.00000 0.400000 0.00000 0.00000 0.00000 0.00000 0.00000 0.00000 false 0.00000 0.153573 -0.00000 0 0 "MOIMOINF" "MOIMOINF" -0.153573 -0.00000
1 331 948 948 816 0.00000 0.400000 0.00000 0.00000 0.00000 0.00000 0.00000 0.00000 false 0.00000 0.153573 -0.00000 0 0 "MOIMOING" "MOIMOING" -0.153573 -0.00000
1 332 959 959 825 0.00000 0.300000 0.00000 0.00000 0.00000 0.00000 0.00000 0.00000 false 0.00000 0.118133 -0.00000 0 0 "MORB5INF" "MORB5INF" -0.118133 -0.00000
1 333 958 958 825 0.00000 0.300000 0.00000 0.00000 0.00000 0.00000 0.00000 0.00000 false 0.00000 0.118133 -0.00000 0 0 "MORB5ING" "MORB5ING" -0.118133 -0.00000
1 334 969 969 834 0.00000 2.30000 0.00000 0.00000 0.00000 0.00000 0.00000 0.00000 false 0.00000 1.28328 -0.00000 0 0 "MOUISINF" "MOUISINF" -1.28328 -0.00000
1 335 969 969 834 0.00000 2.30000 0.00000 0.00000 0.00000 0.00000 0.00000 0.00000 false 0.00000 1.28328 -0.00000 0 0 "MOUISING" "MOUISING" -1.28328 -0.00000
1 336 970 970 835 0.00000 0.300000 0.00000 0.00000 0.00000 0.00000 0.00000 0.00000 true 1.07596 0.111767 -99999.0 0 0 "MOUL8INF" "MOUL8INF" -0.111767 -0.00000
1 337 970 970 835 0.00000 0.300000 0.00000 0.00000 0.00000 0.00000 0.00000 0.00000 false 0.00000 0.111767 -0.00000 0 0 "MOUL8ING" "MOUL8ING" -0.111767 -0.00000
1 338 -1 975 840 0.00000 52.0000 -22.3000 -24.3000 -24.3000 18.6750 31.8000 31.8000 false 0.00000 0.00000 0.00000 0 0 "MTAHU6G1" "MTAHU6G1" -99999.0 -99999.0
1 339 975 975 840 0.00000 52.0000 -22.6750 -25.3000 -25.3000 17.6500 30.9000 30.9000 true 1.06233 44.0000 -99999.0 0 0 "MTAHU6G2" "MTAHU6G2" -44.1878 21.0614
1 340 975 975 840 0.00000 78.1800 0.00000 0.00000 0.00000 0.00000 0.00000 0.00000 false 1.06233 66.0000 -0.00000 0 0 "MTAHUIN1" "MTAHUIN1" -66.0000 -0.00000
1 341 976 976 841 0.00000 0.300000 0.00000 0.00000 0.00000 0.00000 0.00000 0.00000 false 0.00000 0.113654 -0.00000 0 0 "MTCROINF" "MTCROINF" -0.113654 -0.00000
1 342 976 976 841 0.00000 0.300000 0.00000 0.00000 0.00000 0.00000 0.00000 0.00000 false 0.00000 0.113654 -0.00000 0 0 "MTCROING" "MTCROING" -0.113654 -0.00000
1 343 -1 977 842 0.00000 200.000 -78.1250 -63.1250 -63.1250 117.312 179.812 179.812 false 0.00000 0.00000 0.00000 0 0 "MTERE.TG5" "MTERE.TG5" -99999.0 -99999.0
1 344 -1 978 842 0.00000 200.000 -78.1250 -63.1250 -63.1250 117.312 179.812 179.812 false 0.00000 0.00000 0.00000 0 0 "MTERE.TG6" "MTERE.TG6" -99999.0 -99999.0
1 345 980 980 844 -227.000 227.500 -93.7000 -93.7000 -93.7000 71.5000 94.5000 65.1000 true 1.06970 -211.297 -99999.0 0 0 "MTEZI7G1" "MTEZI7G1" 211.297 63.9409
1 346 -1 980 844 -227.000 227.500 -93.5750 -93.5750 -93.5750 71.3750 94.5000 65.1000 false 0.00000 0.00000 0.00000 0 0 "MTEZI7G2" "MTEZI7G2" -99999.0 -99999.0
1 347 -1 981 844 -227.500 227.500 -90.2000 -90.2000 -90.2000 71.3750 94.5000 65.1000 false 0.00000 0.00000 0.00000 0 0 "MTEZI7G3" "MTEZI7G3" -99999.0 -99999.0
1 348 -1 981 844 -227.500 227.500 -97.0000 -97.0000 -97.0000 71.3750 94.5000 65.1000 false 0.00000 0.00000 0.00000 0 0 "MTEZI7G4" "MTEZI7G4" -99999.0 -99999.0
1 349 989 989 850 0.00000 1.40000 0.00000 0.00000 0.00000 0.00000 0.00000 0.00000 false 1.06194 1.00000 -0.00000 0 0 "MTPELIN4" "MTPELIN4" -1.00000 -0.00000
1 350 -1 990 851 0.00000 71.0000 -37.9710 -37.1000 -37.1000 18.8910 37.7000 37.7000 false 0.00000 0.00000 0.00000 0 0 "MTPEZ6G1" "MTPEZ6G1" -99999.0 -99999.0
1 351 -1 990 851 0.00000 71.0000 -38.1910 -35.7000 -35.7000 15.9330 39.6000 39.6000 false 0.00000 0.00000 0.00000 0 0 "MTPEZ6G2" "MTPEZ6G2" -99999.0 -99999.0
1 352 1000 1000 859 0.00000 9.00000 0.00000 0.00000 0.00000 0.00000 0.00000 0.00000 false 1.07432 2.00000 -0.00000 0 0 "MUREAIN1" "MUREAIN1" -2.00000 -0.00000
1 353 1001 1001 860 0.00000 99.9000 0.00000 0.00000 0.00000 0.00000 0.00000 0.00000 false 1.07460 30.0000 -0.00000 0 0 "MUREMIN3" "MUREMIN3" -30.0000 -0.00000
1 354 -1 1003 862 0.00000 0.300000 0.00000 0.00000 0.00000 0.00000 0.00000 0.00000 true 1.00000 0.118133 -99999.0 0 0 "N.MARINF" "N.MARINF" -99999.0 -99999.0
1 355 1004 1004 862 0.00000 0.300000 0.00000 0.00000 0.00000 0.00000 0.00000 0.00000 false 0.00000 0.118133 -0.00000 0 0 "N.MARING" "N.MARING" -0.118133 -0.00000
1 356 1006 1006 863 260.000 1310.00 -525.087 -433.469 -433.469 503.915 592.445 592.445 true 1.07462 1270.10 -99999.0 0 0 "N.SE17GROUP.1" "N.SE17GROUP.1" -1274.83 212.177
1 357 1007 1007 864 260.000 1310.00 -525.087 -433.469 -433.469 503.915 592.445 592.445 true 1.07474 1278.10 -99999.0 0 0 "N.SE27GROUP.2" "N.SE27GROUP.2" -1282.83 193.784
1 358 1013 1013 869 0.00000 36.7000 0.00000 0.00000 0.00000 0.00000 0.00000 0.00000 false 1.04227 29.0000 -0.00000 0 0 "NEUF5IN1" "NEUF5IN1" -29.0000 -0.00000
1 359 1013 1013 869 0.00000 29.0000 0.00000 0.00000 0.00000 0.00000 0.00000 0.00000 false 1.04227 25.0000 -0.00000 0 0 "NEUF5IN2" "NEUF5IN2" -25.0000 -0.00000
1 360 1013 1013 869 0.00000 0.700000 0.00000 0.00000 0.00000 0.00000 0.00000 0.00000 false 0.00000 0.255721 -0.00000 0 0 "NEUF5INF" "NEUF5INF" -0.255721 -0.00000
1 361 1013 1013 869 0.00000 0.700000 0.00000 0.00000 0.00000 0.00000 0.00000 0.00000 false 0.00000 0.255721 -0.00000 0 0 "NEUF5ING" "NEUF5ING" -0.255721 -0.00000
1 362 1024 1024 877 0.00000 0.200000 0.00000 0.00000 0.00000 0.00000 0.00000 0.00000 false 0.00000 0.0718500 -0.00000 0 0 "NOVIOINF" "NOVIOINF" -0.0718500 -0.00000
1 363 1024 1024 877 0.00000 0.200000 0.00000 0.00000 0.00000 0.00000 0.00000 0.00000 false 0.00000 0.0718500 -0.00000 0 0 "NOVIOING" "NOVIOING" -0.0718500 -0.00000
1 364 1026 1026 879 0.00000 68.1000 -34.2510 -42.7000 -42.7000 21.2660 39.3000 39.3000 true 1.06382 45.5814 -99999.0 0 0 "ORAIS6GROUPE1" "ORAIS6GROUPE1" -45.8273 37.0143
1 365 -1 1026 879 0.00000 68.1000 -39.7020 -47.9000 -47.9000 21.9960 39.4000 39.4000 false 0.00000 0.00000 0.00000 0 0 "ORAIS6GROUPE2" "ORAIS6GROUPE2" -99999.0 -99999.0
1 366 -1 1026 879 0.400000 68.1000 -39.0100 -46.1000 -46.1000 28.5100 39.9000 39.9000 false 0.00000 0.00000 0.00000 0 0 "ORAIS6GROUPE3" "ORAIS6GROUPE3" -99999.0 -99999.0
1 367 -1 1028 881 0.00000 35.0000 -14.2000 -15.7000 -15.7000 7.30000 14.3000 14.3000 false 0.00000 0.00000 0.00000 0 0 "ORELL6G1" "ORELL6G1" -99999.0 -99999.0
1 368 -1 1028 881 0.00000 35.0000 -14.2000 -15.7000 -15.7000 7.30000 14.3000 14.3000 false 0.00000 0.00000 0.00000 0 0 "ORELL6G2" "ORELL6G2" -99999.0 -99999.0
1 369 1030 1030 883 0.00000 0.400000 0.00000 0.00000 0.00000 0.00000 0.00000 0.00000 false 0.00000 0.119140 -0.00000 0 0 "ORMESINF" "ORMESINF" -0.119140 -0.00000
1 370 1030 1030 883 0.00000 0.400000 0.00000 0.00000 0.00000 0.00000 0.00000 0.00000 false 0.00000 0.119140 -0.00000 0 0 "ORMESING" "ORMESING" -0.119140 -0.00000
1 371 -1 1031 884 0.00000 0.300000 0.00000 0.00000 0.00000 0.00000 0.00000 0.00000 true 1.00000 0.118133 -99999.0 0 0 "ORNA5INF" "ORNA5INF" -99999.0 -99999.0
1 372 -1 1031 884 0.00000 0.300000 0.00000 0.00000 0.00000 0.00000 0.00000 0.00000 true 1.00000 0.118133 -99999.0 0 0 "ORNA5ING" "ORNA5ING" -99999.0 -99999.0
1 373 1032 1032 885 0.00000 0.400000 0.00000 0.00000 0.00000 0.00000 0.00000 0.00000 false 0.00000 0.153573 -0.00000 0 0 "ORSONINF" "ORSONINF" -0.153573 -0.00000
1 374 1032 1032 885 0.00000 0.400000 0.00000 0.00000 0.00000 0.00000 0.00000 0.00000 false 0.00000 0.153573 -0.00000 0 0 "ORSONING" "ORSONING" -0.153573 -0.00000
1 375 -1 1040 893 0.400000 55.6000 -30.7800 -34.7000 -34.7000 24.4800 36.0000 36.0000 false 0.00000 0.00000 0.00000 0 0 "P.BOR6GROUPE1" "P.BOR6GROUPE1" -99999.0 -99999.0
1 376 -1 1040 893 0.400000 55.6000 -30.7800 -34.7000 -34.7000 23.6500 35.3000 35.3000 false 0.00000 0.00000 0.00000 0 0 "P.BOR6GROUPE2" "P.BOR6GROUPE2" -99999.0 -99999.0
1 377 1050 1050 903 0.00000 0.300000 0.00000 0.00000 0.00000 0.00000 0.00000 0.00000 false 0.00000 0.106186 -0.00000 0 0 "P.JERINF" "P.JERINF" -0.106186 -0.00000
1 378 1050 1050 903 0.00000 0.300000 0.00000 0.00000 0.00000 0.00000 0.00000 0.00000 false 0.00000 0.106186 -0.00000 0 0 "P.JERING" "P.JERING" -0.106186 -0.00000
1 379 -1 -1 905 0.00000 0.300000 0.00000 0.00000 0.00000 0.00000 0.00000 0.00000 true 1.00000 0.113654 -99999.0 0 0 "P.ME5INF" "P.ME5INF" -99999.0 -99999.0
1 380 1052 1052 905 0.00000 0.300000 0.00000 0.00000 0.00000 0.00000 0.00000 0.00000 false 0.00000 0.113654 -0.00000 0 0 "P.ME5ING" "P.ME5ING" -0.113654 -0.00000
1 381 1058 1058 911 196.000 422.000 -250.000 -250.000 -250.000 150.000 274.176 274.176 true 1.06589 397.671 -99999.0 0 0 "QUAR5.TG1" "QUAR5.TG1" -399.195 52.6031
1 382 1061 1061 914 0.00000 1.80000 0.00000 0.00000 0.00000 0.00000 0.00000 0.00000 false 0.00000 1.04090 -0.00000 0 0 "P.TRIINF" "P.TRIINF" -1.04090 -0.00000
1 383 1062 1062 915 0.00000 12.9000 0.00000 0.00000 0.00000 0.00000 0.00000 0.00000 false 1.05322 10.0000 -0.00000 0 0 "P.VILIN1" "P.VILIN1" -10.0000 -0.00000
1 384 1062 1062 915 0.00000 1.30000 0.00000 0.00000 0.00000 0.00000 0.00000 0.00000 false 0.00000 0.407789 -0.00000 0 0 "P.VILINF" "P.VILINF" -0.407789 -0.00000
1 385 1063 1063 916 0.00000 0.500000 0.00000 0.00000 0.00000 0.00000 0.00000 0.00000 false 0.00000 0.178243 -0.00000 0 0 "PALAYINF" "PALAYINF" -0.178243 -0.00000
1 386 1065 1065 918 260.000 1330.00 -360.189 -292.665 -292.665 512.810 580.334 580.334 true 1.06632 1189.00 -99999.0 0 0 "PALUE7PALUET1" "PALUE7PALUET1" -1193.80 182.436
1 387 -1 -1 918 260.000 1330.00 -360.189 -292.665 -292.665 512.810 580.334 580.334 false 0.00000 0.00000 0.00000 0 0 "PALUE7PALUET2" "PALUE7PALUET2" -99999.0 -99999.0
1 388 -1 -1 918 260.000 1330.00 -360.189 -292.665 -292.665 512.810 580.334 580.334 false 0.00000 0.00000 0.00000 0 0 "PALUE7PALUET3" "PALUE7PALUET3" -99999.0 -99999.0
1 389 1066 1066 918 260.000 1330.00 -360.189 -292.665 -292.665 512.810 580.334 580.334 true 1.06347 1285.00 -99999.0 0 0 "PALUE7PALUET4" "PALUE7PALUET4" -1289.80 222.405
1 390 1077 1077 927 0.00000 54.2000 0.00000 0.00000 0.00000 0.00000 0.00000 0.00000 false 1.07478 42.0000 -0.00000 0 0 "PAUDYIN1" "PAUDYIN1" -42.0000 -0.00000
1 391 -1 1078 928 0.00000 21.5000 -13.0000 -15.0000 -15.0000 14.0000 19.0000 19.0000 false 0.00000 0.00000 0.00000 0 0 "PELAD.TG1" "PELAD.TG1" -99999.0 -99999.0
1 392 -1 1084 933 260.000 1330.00 -418.000 -350.096 -350.096 401.000 476.105 476.105 false 0.00000 0.00000 0.00000 0 0 "PENLY7PENLYT1" "PENLY7PENLYT1" -99999.0 -99999.0
1 393 1083 1083 933 266.000 1330.00 -418.000 -350.476 -350.476 401.000 475.684 475.684 true 1.07502 1282.00 -99999.0 0 0 "PENLY7PENLYT2" "PENLY7PENLYT2" -1286.80 202.839
1 394 1092 1092 939 0.00000 66.2500 0.00000 0.00000 0.00000 0.00000 0.00000 0.00000 false 1.07293 52.0000 -0.00000 0 0 "PERTAIN1" "PERTAIN1" -52.0000 -0.00000
1 395 1096 1096 943 0.00000 1.40000 0.00000 0.00000 0.00000 0.00000 0.00000 0.00000 false 0.00000 0.832720 -0.00000 0 0 "PEYROINF" "PEYROINF" -0.832720 -0.00000
1 396 1096 1096 943 0.00000 1.40000 0.00000 0.00000 0.00000 0.00000 0.00000 0.00000 false 0.00000 0.832720 -0.00000 0 0 "PEYROING" "PEYROING" -0.832720 -0.00000
1 397 1104 1104 951 0.00000 75.7000 0.00000 0.00000 0.00000 0.00000 0.00000 0.00000 false 1.07058 29.2066 -0.00000 0 0 "POTEAIN1" "POTEAIN1" -29.2066 -0.00000
1 398 1105 1105 951 0.00000 68.1000 0.00000 0.00000 0.00000 0.00000 0.00000 0.00000 false 1.07059 31.2066 -0.00000 0 0 "POTEAIN2" "POTEAIN2" -31.2066 -0.00000
1 399 1106 1106 951 0.00000 0.00000 0.00000 0.00000 0.00000 0.00000 0.00000 0.00000 false 1.07059 0.00000 -0.00000 0 0 "POTEAIN3" "POTEAIN3" -0.00000 -0.00000
1 400 -1 1107 952 0.00000 43.3000 -26.0470 -28.3000 -28.3000 15.8650 24.0000 24.0000 false 0.00000 0.00000 0.00000 0 0 "POUGE6G1" "POUGE6G1" -99999.0 -99999.0
1 401 -1 1107 952 0.00000 43.3000 -23.7210 -27.1000 -27.1000 15.4650 24.1000 24.1000 false 0.00000 0.00000 0.00000 0 0 "POUGE6G2" "POUGE6G2" -99999.0 -99999.0
1 402 -1 1107 952 0.00000 43.3000 -23.7460 -27.0000 -27.0000 10.7120 22.1000 22.1000 false 0.00000 0.00000 0.00000 0 0 "POUGE6G3" "POUGE6G3" -99999.0 -99999.0
1 403 -1 1107 952 160.000 286.000 -165.716 -149.600 -149.600 64.9060 103.000 103.000 false 0.00000 0.00000 0.00000 0 0 "POUGE6G4" "POUGE6G4" -99999.0 -99999.0
1 404 -1 1107 952 -35.9300 38.3000 0.00000 0.00000 0.00000 1.00000 1.00000 1.00000 false 0.00000 0.00000 0.00000 0 0 "POUGE6G5" "POUGE6G5" -99999.0 -99999.0
1 405 -1 1115 960 99.0000 150.000 -71.8970 -76.6250 -76.6250 80.3990 109.782 109.782 false 0.00000 0.00000 0.00000 0 0 "PROV56GROUPE4" "PROV56GROUPE4" -99999.0 -99999.0
1 406 -1 1116 960 368.000 595.000 -206.000 -212.000 -212.000 212.000 185.000 185.000 false 0.00000 0.00000 0.00000 0 0 "PROV56GROUPE5" "PROV56GROUPE5" -99999.0 -99999.0
1 407 1130 1130 972 0.00000 0.400000 0.00000 0.00000 0.00000 0.00000 0.00000 0.00000 false 0.00000 0.137875 -0.00000 0 0 "Q.ECLINF" "Q.ECLINF" -0.137875 -0.00000
1 408 1130 1130 972 0.00000 0.400000 0.00000 0.00000 0.00000 0.00000 0.00000 0.00000 false 0.00000 0.137875 -0.00000 0 0 "Q.ECLING" "Q.ECLING" -0.137875 -0.00000
1 409 1131 1131 973 0.00000 1.70000 0.00000 0.00000 0.00000 0.00000 0.00000 0.00000 false 1.06226 1.00000 -0.00000 0 0 "Q.SEIIN3" "Q.SEIIN3" -1.00000 -0.00000
1 410 1131 1131 973 0.00000 1.70000 0.00000 0.00000 0.00000 0.00000 0.00000 0.00000 false 1.06226 1.00000 -0.00000 0 0 "Q.SEIIN4" "Q.SEIIN4" -1.00000 -0.00000
1 411 1131 1131 973 0.00000 1.70000 0.00000 0.00000 0.00000 0.00000 0.00000 0.00000 false 1.06226 1.00000 -0.00000 0 0 "Q.SEIIN5" "Q.SEIIN5" -1.00000 -0.00000
1 412 1131 1131 973 0.00000 5.60000 0.00000 0.00000 0.00000 0.00000 0.00000 0.00000 false 1.06226 3.00000 -0.00000 0 0 "Q.SEIIN6" "Q.SEIIN6" -3.00000 -0.00000
1 413 -1 1134 976 0.400000 41.6000 -27.5100 -24.7000 -24.7000 18.6600 22.5000 22.5000 false 0.00000 0.00000 0.00000 0 0 "QUINS6GROUPE1" "QUINS6GROUPE1" -99999.0 -99999.0
1 414 1139 1139 979 0.00000 0.300000 0.00000 0.00000 0.00000 0.00000 0.00000 0.00000 false 0.00000 0.185345 -0.00000 0 0 "RABATINF" "RABATINF" -0.185345 -0.00000
1 415 1139 1139 979 0.00000 0.300000 0.00000 0.00000 0.00000 0.00000 0.00000 0.00000 false 0.00000 0.185345 -0.00000 0 0 "RABATING" "RABATING" -0.185345 -0.00000
1 416 1143 1143 982 -80.0000 80.0000 -23.2000 -23.2000 -5.00000 24.8000 24.8000 5.00000 true 1.06203 -15.0546 -99999.0 0 0 "RANCE6RANCE1" "RANCE6RANCE1" 15.0546 1.16432
1 417 1144 1144 982 -80.0000 80.0000 -23.2000 -23.2000 -5.00000 24.8000 24.8000 5.00000 true 1.06202 -19.0545 -99999.0 0 0 "RANCE6RANCE2" "RANCE6RANCE2" 19.0545 1.47498
1 418 1145 1145 982 -80.0000 80.0000 -24.8000 -24.8000 -24.8000 23.2000 23.2000 23.2000 true 1.06201 -21.0543 -99999.0 0 0 "RANCE6RANCE3" "RANCE6RANCE3" 21.0543 1.81558
1 419 1147 1147 984 0.00000 8.00000 0.00000 0.00000 0.00000 0.00000 0.00000 0.00000 false 1.08002 4.00000 -0.00000 0 0 "RANVIIN2" "RANVIIN2" -4.00000 -0.00000
1 420 1147 1147 984 0.00000 0.800000 0.00000 0.00000 0.00000 0.00000 0.00000 0.00000 false 0.00000 0.422621 -0.00000 0 0 "RANVIINF" "RANVIINF" -0.422621 -0.00000
1 421 1147 1147 984 0.00000 0.800000 0.00000 0.00000 0.00000 0.00000 0.00000 0.00000 false 0.00000 0.422621 -0.00000 0 0 "RANVIING" "RANVIING" -0.422621 -0.00000
1 422 1150 1150 987 0.00000 3.60000 0.00000 0.00000 0.00000 0.00000 0.00000 0.00000 false 1.07398 2.00000 -0.00000 0 0 "RECOUIN1" "RECOUIN1" -2.00000 -0.00000
1 423 1150 1150 987 0.00000 6.00000 0.00000 0.00000 0.00000 0.00000 0.00000 0.00000 false 1.07398 3.00000 -0.00000 0 0 "RECOUIN3" "RECOUIN3" -3.00000 -0.00000
1 424 1150 1150 987 0.00000 3.60000 0.00000 0.00000 0.00000 0.00000 0.00000 0.00000 false 1.07398 2.00000 -0.00000 0 0 "RECOUIN2" "RECOUIN2" -2.00000 -0.00000
1 425 1150 1150 987 0.00000 2.88000 0.00000 0.00000 0.00000 0.00000 0.00000 0.00000 false 1.07398 1.00000 -0.00000 0 0 "RECOUIN5" "RECOUIN5" -1.00000 -0.00000
1 426 -1 1167 1000 -180.000 193.000 -76.4980 -125.500 -83.3000 69.3610 84.4000 56.2000 false 0.00000 0.00000 0.00000 0 0 "REVI57GROUP.1" "REVI57GROUP.1" -99999.0 -99999.0
1 427 -1 1168 1000 -180.000 193.000 -70.9140 -123.300 -56.7000 69.4920 82.4000 55.7000 false 0.00000 0.00000 0.00000 0 0 "REVI57GROUP.2" "REVI57GROUP.2" -99999.0 -99999.0
1 428 -1 1169 1000 -180.000 193.000 -68.5330 -123.300 -54.3000 76.2120 91.0000 63.0000 false 0.00000 0.00000 0.00000 0 0 "REVI57GROUP.3" "REVI57GROUP.3" -99999.0 -99999.0
1 429 -1 1170 1000 -180.000 193.000 -75.3930 -126.400 -82.1000 70.2470 90.8000 57.7000 false 0.00000 0.00000 0.00000 0 0 "REVI57GROUP.4" "REVI57GROUP.4" -99999.0 -99999.0
1 430 1178 1178 1005 0.00000 0.200000 0.00000 0.00000 0.00000 0.00000 0.00000 0.00000 false 0.00000 0.0708798 -0.00000 0 0 "RICHAINF" "RICHAINF" -0.0708798 -0.00000
1 431 1178 1178 1005 0.00000 0.200000 0.00000 0.00000 0.00000 0.00000 0.00000 0.00000 false 0.00000 0.0708798 -0.00000 0 0 "RICHAING" "RICHAING" -0.0708798 -0.00000
1 432 1185 1185 1012 0.00000 0.600000 0.00000 0.00000 0.00000 0.00000 0.00000 0.00000 false 0.00000 0.224453 -0.00000 0 0 "ROBI5INF" "ROBI5INF" -0.224453 -0.00000
1 433 1186 1186 1012 0.00000 0.600000 0.00000 0.00000 0.00000 0.00000 0.00000 0.00000 true 1.05000 0.224453 -99999.0 0 0 "ROBI5ING" "ROBI5ING" -99999.0 -99999.0
1 434 1200 1200 1024 0.00000 23.4700 0.00000 0.00000 0.00000 0.00000 0.00000 0.00000 false 1.06791 11.0000 -0.00000 0 0 "ROUMOY611" "ROUMOY611" -11.0000 -0.00000
1 435 1200 1200 1024 0.00000 1.40000 0.00000 0.00000 0.00000 0.00000 0.00000 0.00000 false 0.00000 0.846475 -0.00000 0 0 "ROUMOINF" "ROUMOINF" -0.846475 -0.00000
1 436 1202 1202 1026 0.00000 79.9000 0.00000 0.00000 0.00000 0.00000 0.00000 0.00000 false 1.07223 54.0000 -0.00000 0 0 "ROYE IN3" "ROYE IN3" -54.0000 -0.00000
1 437 1205 1205 1029 0.00000 9.20000 0.00000 0.00000 0.00000 0.00000 0.00000 0.00000 false 1.03829 7.00000 -0.00000 0 0 "RUE  IN2" "RUE  IN2" -7.00000 -0.00000
1 438 1205 1205 1029 0.00000 9.20000 0.00000 0.00000 0.00000 0.00000 0.00000 0.00000 false 1.03829 7.00000 -0.00000 0 0 "RUE  IN1" "RUE  IN1" -7.00000 -0.00000
1 439 1205 1205 1029 0.00000 0.200000 0.00000 0.00000 0.00000 0.00000 0.00000 0.00000 false 0.00000 0.0710335 -0.00000 0 0 "RUE  INF" "RUE  INF" -0.0710335 -0.00000
1 440 1205 1205 1029 0.00000 0.200000 0.00000 0.00000 0.00000 0.00000 0.00000 0.00000 false 0.00000 0.0710335 -0.00000 0 0 "RUE  ING" "RUE  ING" -0.0710335 -0.00000
1 441 -1 1208 1031 33.4000 48.9000 -32.7100 -34.6000 -34.6000 38.3900 48.7000 48.7000 false 0.00000 0.00000 0.00000 0 0 "RUHBO.TG1" "RUHBO.TG1" -99999.0 -99999.0
1 442 -1 1213 1035 -157.000 158.000 -93.9000 -93.9000 -107.200 50.0000 47.5000 47.5000 false 0.00000 0.00000 0.00000 0 0 "S.BIS7G1" "S.BIS7G1" -99999.0 -99999.0
1 443 -1 1213 1035 -157.000 158.000 -92.8000 -109.100 -109.100 50.2000 48.4000 48.4000 false 0.00000 0.00000 0.00000 0 0 "S.BIS7G2" "S.BIS7G2" -99999.0 -99999.0
1 444 -1 1213 1035 -157.000 158.000 -94.2000 -94.2000 -105.600 43.5000 43.5000 40.2000 false 0.00000 0.00000 0.00000 0 0 "S.BIS7G3" "S.BIS7G3" -99999.0 -99999.0
1 445 -1 1213 1035 -157.000 158.000 -94.3000 -94.3000 -103.800 46.9000 46.9000 44.0000 false 0.00000 0.00000 0.00000 0 0 "S.BIS7G4" "S.BIS7G4" -99999.0 -99999.0
1 446 1213 1213 1035 0.00000 150.000 -93.8750 -75.0000 -75.0000 69.3750 96.0000 96.0000 true 1.06959 88.0730 -99999.0 0 0 "S.BIS7G5" "S.BIS7G5" -88.6146 -79.6911
1 447 1214 1214 1036 0.00000 87.0000 -17.4000 -52.2000 -52.2000 17.4000 52.2000 52.2000 true 1.07386 41.1342 -99999.0 0 0 "S.CUR.TG1" "S.CUR.TG1" -41.1342 23.7810
1 448 1217 1217 1039 0.00000 95.0000 -53.6250 -55.5000 -55.5000 25.6500 42.4000 42.4000 true 1.04771 3.35551 -99999.0 0 0 "S.PON6GROUPE1" "S.PON6GROUPE1" -3.69852 51.4491
1 449 1217 1217 1039 0.00000 95.0000 -55.6500 -52.9000 -52.9000 25.6250 43.5000 43.5000 true 1.04771 3.35551 -99999.0 0 0 "S.PON6GROUPE2" "S.PON6GROUPE2" -3.69852 51.4491
1 450 -1 1217 1039 0.00000 95.0000 -65.9000 -60.9000 -60.9000 26.4750 44.1000 44.1000 false 0.00000 0.00000 0.00000 0 0 "S.PON6GROUPE3" "S.PON6GROUPE3" -99999.0 -99999.0
1 451 -1 1217 1039 0.00000 95.0000 -64.1500 -60.4000 -60.4000 21.2250 40.1000 40.1000 false 0.00000 0.00000 0.00000 0 0 "S.PON6GROUPE4" "S.PON6GROUPE4" -99999.0 -99999.0
1 452 -1 1224 1046 5.00000 44.0000 -21.1800 -23.0000 -23.0000 9.92000 21.1000 21.1000 false 0.00000 0.00000 0.00000 0 0 "SALIG6GROUPE1" "SALIG6GROUPE1" -99999.0 -99999.0
1 453 1224 1224 1046 5.00000 44.0000 -24.3500 -23.7000 -23.7000 9.53000 21.1000 21.1000 true 1.05648 17.5550 -99999.0 0 0 "SALIG6GROUPE2" "SALIG6GROUPE2" -17.7138 19.9488
1 454 -1 1225 1047 0.00000 30.6000 -19.5520 -22.0000 -22.0000 11.6900 18.3000 18.3000 false 0.00000 0.00000 0.00000 0 0 "SALON6GROUPE1" "SALON6GROUPE1" -99999.0 -99999.0
1 455 1225 1225 1047 0.00000 30.6000 -22.1240 -20.9000 -20.9000 13.7570 20.0000 20.0000 true 1.06013 8.00000 -99999.0 0 0 "SALON6GROUPE2" "SALON6GROUPE2" -8.11048 -1.43346
1 456 -1 1234 1055 20.0000 40.2000 -23.4440 -21.1000 -21.1000 13.7710 18.1000 18.1000 false 0.00000 0.00000 0.00000 0 0 "SARRA6G1" "SARRA6G1" -99999.0 -99999.0
1 457 -1 1234 1055 20.0000 40.2000 -27.6440 -25.3000 -25.3000 12.8050 20.2000 20.2000 false 0.00000 0.00000 0.00000 0 0 "SARRA6G2" "SARRA6G2" -99999.0 -99999.0
1 458 -1 1234 1055 20.0000 40.2000 -12.1410 -31.8000 -31.8000 15.2780 16.0000 16.0000 false 0.00000 0.00000 0.00000 0 0 "SARRA6G3" "SARRA6G3" -99999.0 -99999.0
1 459 -1 1234 1055 32.0000 66.0000 -36.7550 -33.5000 -33.5000 27.0480 37.9000 37.9000 false 0.00000 0.00000 0.00000 0 0 "SARRA6G4" "SARRA6G4" -99999.0 -99999.0
1 460 1236 1236 1057 0.00000 34.4000 0.00000 0.00000 0.00000 0.00000 0.00000 0.00000 false 1.01359 28.0000 -0.00000 0 0 "SAUCOIN1" "SAUCOIN1" -28.0000 -0.00000
1 461 1236 1236 1057 0.00000 37.0000 0.00000 0.00000 0.00000 0.00000 0.00000 0.00000 false 1.01359 26.0000 -0.00000 0 0 "SAUCOIN3" "SAUCOIN3" -26.0000 -0.00000
1 462 1236 1236 1057 0.00000 33.0000 0.00000 0.00000 0.00000 0.00000 0.00000 0.00000 false 1.01359 27.0000 -0.00000 0 0 "SAUCOIN2" "SAUCOIN2" -27.0000 -0.00000
1 463 1236 1236 1057 0.00000 0.200000 0.00000 0.00000 0.00000 0.00000 0.00000 0.00000 false 0.00000 0.0710335 -0.00000 0 0 "SAUCOINF" "SAUCOINF" -0.0710335 -0.00000
1 464 1236 1236 1057 0.00000 0.200000 0.00000 0.00000 0.00000 0.00000 0.00000 0.00000 false 0.00000 0.0710335 -0.00000 0 0 "SAUCOING" "SAUCOING" -0.0710335 -0.00000
1 465 1239 1239 1060 0.00000 0.700000 0.00000 0.00000 0.00000 0.00000 0.00000 0.00000 false 0.00000 0.494254 -0.00000 0 0 "SAUM6INF" "SAUM6INF" -0.494254 -0.00000
1 466 1239 1239 1060 0.00000 0.700000 0.00000 0.00000 0.00000 0.00000 0.00000 0.00000 false 0.00000 0.494254 -0.00000 0 0 "SAUM6ING" "SAUM6ING" -0.494254 -0.00000
1 467 1240 1240 1061 0.00000 1.90000 0.00000 0.00000 0.00000 0.00000 0.00000 0.00000 false 0.00000 1.09294 -0.00000 0 0 "SAUMAINF" "SAUMAINF" -1.09294 -0.00000
1 468 1240 1240 1061 0.00000 1.90000 0.00000 0.00000 0.00000 0.00000 0.00000 0.00000 false 0.00000 1.09294 -0.00000 0 0 "SAUMAING" "SAUMAING" -1.09294 -0.00000
1 469 -1 1241 1062 0.00000 86.5000 -32.1430 -34.4000 -34.4000 28.1710 46.6000 46.6000 false 0.00000 0.00000 0.00000 0 0 "SAUS2.HG1" "SAUS2.HG1" -99999.0 -99999.0
1 470 -1 1241 1062 0.00000 86.5000 -32.4210 -33.8000 -33.8000 28.0470 46.1000 46.1000 false 0.00000 0.00000 0.00000 0 0 "SAUS2.HG2" "SAUS2.HG2" -99999.0 -99999.0
1 471 1252 1252 1073 0.00000 0.300000 0.00000 0.00000 0.00000 0.00000 0.00000 0.00000 false 0.00000 0.0879200 -0.00000 0 0 "SENARINF" "SENARINF" -0.0879200 -0.00000
1 472 1252 1252 1073 0.00000 0.300000 0.00000 0.00000 0.00000 0.00000 0.00000 0.00000 false 0.00000 0.0879200 -0.00000 0 0 "SENARING" "SENARING" -0.0879200 -0.00000
1 473 -1 1260 1080 40.0000 90.0000 -43.4750 -79.1000 -79.1000 29.7120 46.9000 46.9000 false 0.00000 0.00000 0.00000 0 0 "SINAR6MTEYNHG1" "SINAR6MTEYNHG1" -99999.0 -99999.0
1 474 -1 1260 1080 40.0000 90.0000 -43.9810 -78.2000 -78.2000 35.7060 51.8000 51.8000 false 0.00000 0.00000 0.00000 0 0 "SINAR6MTEYNHG2" "SINAR6MTEYNHG2" -99999.0 -99999.0
1 475 1260 1260 1080 40.0000 90.0000 -44.5310 -77.5000 -77.5000 32.0250 48.9000 48.9000 true 1.05736 62.0000 -99999.0 0 0 "SINAR6MTEYNHG3" "SINAR6MTEYNHG3" -62.3250 15.8669
1 476 1260 1260 1080 40.0000 90.0000 -44.8810 -76.6000 -76.6000 33.5930 50.0000 50.0000 true 1.05736 62.0000 -99999.0 0 0 "SINAR6MTEYNHG4" "SINAR6MTEYNHG4" -62.3250 15.8669
1 477 1262 1262 1082 0.00000 117.000 -77.6050 -72.0000 -72.0000 30.7470 50.5000 50.5000 true 1.05386 53.4032 -99999.0 0 0 "SISTE6GROUPE1" "SISTE6GROUPE1" -53.8257 26.9417
1 478 -1 1262 1082 0.00000 117.000 -77.6050 -72.0000 -72.0000 30.7470 50.5000 50.5000 false 0.00000 0.00000 0.00000 0 0 "SISTE6GROUPE2" "SISTE6GROUPE2" -99999.0 -99999.0
1 479 1265 1265 1085 0.00000 0.300000 0.00000 0.00000 0.00000 0.00000 0.00000 0.00000 false 0.00000 0.118133 -0.00000 0 0 "SONNEINF" "SONNEINF" -0.118133 -0.00000
1 480 1265 1265 1085 0.00000 0.300000 0.00000 0.00000 0.00000 0.00000 0.00000 0.00000 true 1.08017 0.118133 -99999.0 0 0 "SONNEING" "SONNEING" -0.118133 -0.00000
1 481 1266 1266 1086 0.00000 12.0000 0.00000 0.00000 0.00000 0.00000 0.00000 0.00000 false 1.05422 11.0000 -0.00000 0 0 "SORRUIN2" "SORRUIN2" -11.0000 -0.00000
1 482 1266 1266 1086 0.00000 24.0000 0.00000 0.00000 0.00000 0.00000 0.00000 0.00000 false 1.05422 23.0000 -0.00000 0 0 "SORRUIN1" "SORRUIN1" -23.0000 -0.00000
1 483 1266 1266 1086 0.00000 0.700000 0.00000 0.00000 0.00000 0.00000 0.00000 0.00000 false 0.00000 0.238983 -0.00000 0 0 "SORRUINF" "SORRUINF" -0.238983 -0.00000
1 484 1266 1266 1086 0.00000 0.700000 0.00000 0.00000 0.00000 0.00000 0.00000 0.00000 false 0.00000 0.238983 -0.00000 0 0 "SORRUING" "SORRUING" -0.238983 -0.00000
1 485 1272 1272 1092 260.000 1335.00 -471.265 -376.051 -376.051 523.748 613.843 613.843 true 1.08602 1274.00 -99999.0 0 0 "SSAL77G1" "SSAL77G1" -1278.82 -282.887
1 486 1273 1273 1092 260.000 1335.00 -471.265 -376.051 -376.051 523.748 613.843 613.843 true 1.08604 1261.00 -99999.0 0 0 "SSAL77G2" "SSAL77G2" -1265.82 -273.570
1 487 1276 1276 1094 0.00000 0.300000 0.00000 0.00000 0.00000 0.00000 0.00000 0.00000 false 0.00000 0.111767 -0.00000 0 0 "SSAU5INF" "SSAU5INF" -0.111767 -0.00000
1 488 1275 1275 1094 0.00000 0.300000 0.00000 0.00000 0.00000 0.00000 0.00000 0.00000 false 0.00000 0.111767 -0.00000 0 0 "SSAU5ING" "SSAU5ING" -0.111767 -0.00000
1 489 1285 1285 1102 0.00000 10.5800 0.00000 0.00000 0.00000 0.00000 0.00000 0.00000 false 1.07410 6.00000 -0.00000 0 0 "SSCESY611" "SSCESY611" -6.00000 -0.00000
1 490 1285 1285 1102 0.00000 5.99000 0.00000 0.00000 0.00000 0.00000 0.00000 0.00000 false 1.07410 3.00000 -0.00000 0 0 "SSCESY612" "SSCESY612" -3.00000 -0.00000
1 491 -1 1286 1103 0.00000 49.5000 -38.4600 -34.5000 -34.5000 17.2380 28.5000 28.5000 false 0.00000 0.00000 0.00000 0 0 "SSCHA6GROUPE1" "SSCHA6GROUPE1" -99999.0 -99999.0
1 492 -1 1286 1103 0.00000 49.5000 -38.4600 -34.5000 -34.5000 17.2380 28.5000 28.5000 false 0.00000 0.00000 0.00000 0 0 "SSCHA6GROUPE2" "SSCHA6GROUPE2" -99999.0 -99999.0
1 493 1286 1286 1103 0.00000 49.5000 -38.4600 -34.5000 -34.5000 16.0670 27.7000 27.7000 true 1.06046 15.4247 -99999.0 0 0 "SSCHA6GROUPE3" "SSCHA6GROUPE3" -15.6034 -5.13672
1 494 -1 1288 1105 25.0000 50.0000 -14.9660 -36.3000 -36.3000 20.9330 29.1000 29.1000 false 0.00000 0.00000 0.00000 0 0 "SSCOG6G1" "SSCOG6G1" -99999.0 -99999.0
1 495 -1 1288 1105 25.0000 50.0000 -18.2660 -36.6000 -36.6000 24.3000 31.8000 31.8000 false 0.00000 0.00000 0.00000 0 0 "SSCOG6G2" "SSCOG6G2" -99999.0 -99999.0
1 496 1291 1291 1108 180.000 915.000 -388.822 -323.488 -323.488 428.478 604.317 604.317 true 1.06879 884.000 -99999.0 0 0 "SSEA27SSEA21" "SSEA27SSEA21" -887.304 190.944
1 497 1292 1292 1108 180.000 915.000 -383.597 -324.388 -324.388 428.192 603.541 603.541 true 1.06875 873.000 -99999.0 0 0 "SSEA27SSEA22" "SSEA27SSEA22" -876.304 194.964
1 498 1293 1293 1109 0.00000 45.0000 -27.6250 -28.0000 -28.0000 23.8000 32.3000 32.3000 true 1.05962 21.9928 -99999.0 0 0 "SSEST6GROUPE1" "SSEST6GROUPE1" -22.1553 -1.06974
1 499 -1 1294 1109 0.00000 45.0000 -27.9700 -28.1000 -28.1000 23.5540 32.2000 32.2000 false 0.00000 0.00000 0.00000 0 0 "SSEST6GROUPE2" "SSEST6GROUPE2" -99999.0 -99999.0
1 500 -1 1293 1109 0.00000 45.0000 -27.6250 -28.0000 -28.0000 23.8000 32.3000 32.3000 false 0.00000 0.00000 0.00000 0 0 "SSEST6GROUPE3" "SSEST6GROUPE3" -99999.0 -99999.0
1 501 -1 1299 1113 0.00000 58.0000 -32.8250 -64.2000 -64.2000 32.1750 38.8000 38.8000 false 0.00000 0.00000 0.00000 0 0 "SSGUI6G2" "SSGUI6G2" -99999.0 -99999.0
1 502 1304 1304 1118 0.00000 0.200000 0.00000 0.00000 0.00000 0.00000 0.00000 0.00000 false 0.00000 0.0708798 -0.00000 0 0 "SSMR INF" "SSMR INF" -0.0708798 -0.00000
1 503 -1 1310 1123 0.00000 120.000 1.00000 1.00000 1.00000 1.00000 1.00000 1.00000 false 0.00000 0.00000 0.00000 0 0 "SSPMA.HG1" "SSPMA.HG1" -99999.0 -99999.0
1 504 -1 1314 1126 15.0000 56.0000 -26.1100 -25.7000 -25.7000 21.2230 35.3000 35.3000 false 0.00000 0.00000 0.00000 0 0 "SSTUL6GROUPE5" "SSTUL6GROUPE5" -99999.0 -99999.0
1 505 1334 1334 1146 20.0000 48.0000 -26.6700 -26.6700 -26.6700 26.6700 36.0030 36.0030 true 1.05012 42.0000 -99999.0 0 0 "TAVAU6GROUP.1" "TAVAU6GROUP.1" -42.1733 22.3871
1 506 -1 1334 1146 20.0000 48.0000 -26.6700 -26.6700 -26.6700 26.6700 36.0030 36.0030 false 0.00000 0.00000 0.00000 0 0 "TAVAU6GROUP.2" "TAVAU6GROUP.2" -99999.0 -99999.0
1 507 1347 1347 1156 0.00000 10.0000 0.00000 0.00000 0.00000 0.00000 0.00000 0.00000 false 1.08034 10.0000 -0.00000 0 0 "THIOTIN1" "THIOTIN1" -10.0000 -0.00000
1 508 1347 1347 1156 0.00000 0.400000 0.00000 0.00000 0.00000 0.00000 0.00000 0.00000 false 0.00000 0.144120 -0.00000 0 0 "THIOTINF" "THIOTINF" -0.144120 -0.00000
1 509 -1 1354 1161 0.00000 0.200000 0.00000 0.00000 0.00000 0.00000 0.00000 0.00000 true 1.00000 0.0708798 -99999.0 0 0 "TOLBIINF" "TOLBIINF" -99999.0 -99999.0
1 510 1358 1358 1164 0.00000 0.500000 0.00000 0.00000 0.00000 0.00000 0.00000 0.00000 false 0.00000 0.178243 -0.00000 0 0 "TOU.CINF" "TOU.CINF" -0.178243 -0.00000
1 511 1358 1358 1164 0.00000 0.500000 0.00000 0.00000 0.00000 0.00000 0.00000 0.00000 false 0.00000 0.178243 -0.00000 0 0 "TOU.CING" "TOU.CING" -0.178243 -0.00000
1 512 1365 1365 1171 0.00000 16.2000 0.00000 0.00000 0.00000 0.00000 0.00000 0.00000 false 1.00979 12.0000 -0.00000 0 0 "TREPOIN1" "TREPOIN1" -12.0000 -0.00000
1 513 1365 1365 1171 0.00000 8.40000 0.00000 0.00000 0.00000 0.00000 0.00000 0.00000 false 1.00979 7.00000 -0.00000 0 0 "TREPOIN2" "TREPOIN2" -7.00000 -0.00000
1 514 1365 1365 1171 0.00000 0.200000 0.00000 0.00000 0.00000 0.00000 0.00000 0.00000 false 0.00000 0.0710335 -0.00000 0 0 "TREPOINF" "TREPOINF" -0.0710335 -0.00000
1 515 1365 1365 1171 0.00000 0.200000 0.00000 0.00000 0.00000 0.00000 0.00000 0.00000 false 0.00000 0.0710335 -0.00000 0 0 "TREPOING" "TREPOING" -0.0710335 -0.00000
1 516 1376 1376 1175 270.000 915.000 -165.169 -128.830 -128.830 373.835 409.264 409.264 true 0.993668 883.573 -99999.0 0 0 "TRICA6TRANCHE1" "TRICA6TRANCHE1" -886.877 36.3603
1 517 1375 1375 1175 270.000 915.000 -164.160 -129.639 -129.639 374.839 409.360 409.360 true 0.981870 915.000 -99999.0 0 0 "TRICA6TRANCHE2" "TRICA6TRANCHE2" -915.000 111.909
1 518 1374 1374 1175 180.000 915.000 -168.147 -131.915 -131.915 380.847 418.115 418.115 true 0.990014 897.656 -99999.0 0 0 "TRICA6TRANCHE3" "TRICA6TRANCHE3" -900.960 59.5267
1 519 1373 1373 1175 180.000 915.000 -167.143 -131.946 -131.946 384.843 423.146 423.146 true 1.00307 374.970 -99999.0 0 0 "TRICA6TRANCHE4" "TRICA6TRANCHE4" -378.273 8.87572
1 520 1384 1384 1182 0.00000 0.600000 0.00000 0.00000 0.00000 0.00000 0.00000 0.00000 false 0.00000 0.215550 -0.00000 0 0 "V.BELINF" "V.BELINF" -0.215550 -0.00000
1 521 1384 1384 1182 0.00000 0.600000 0.00000 0.00000 0.00000 0.00000 0.00000 0.00000 false 0.00000 0.215550 -0.00000 0 0 "V.BELING" "V.BELING" -0.215550 -0.00000
1 522 1386 1386 1183 0.00000 0.600000 0.00000 0.00000 0.00000 0.00000 0.00000 0.00000 false 0.00000 0.224453 -0.00000 0 0 "V.GEOINF" "V.GEOINF" -0.224453 -0.00000
1 523 1386 1386 1183 0.00000 0.600000 0.00000 0.00000 0.00000 0.00000 0.00000 0.00000 false 0.00000 0.224453 -0.00000 0 0 "V.GEOING" "V.GEOING" -0.224453 -0.00000
1 524 1387 1387 1184 0.00000 30.0000 0.00000 0.00000 0.00000 0.00000 0.00000 0.00000 false 1.02961 26.0000 -0.00000 0 0 "V.MARIN1" "V.MARIN1" -26.0000 -0.00000
1 525 1387 1387 1184 0.00000 36.0000 0.00000 0.00000 0.00000 0.00000 0.00000 0.00000 false 1.02961 28.0000 -0.00000 0 0 "V.MARIN3" "V.MARIN3" -28.0000 -0.00000
1 526 1387 1387 1184 0.00000 25.3000 0.00000 0.00000 0.00000 0.00000 0.00000 0.00000 false 1.02961 20.0000 -0.00000 0 0 "V.MARIN2" "V.MARIN2" -20.0000 -0.00000
1 527 1387 1387 1184 0.00000 0.300000 0.00000 0.00000 0.00000 0.00000 0.00000 0.00000 false 0.00000 0.113654 -0.00000 0 0 "V.MARINF" "V.MARINF" -0.113654 -0.00000
1 528 1387 1387 1184 0.00000 0.300000 0.00000 0.00000 0.00000 0.00000 0.00000 0.00000 false 0.00000 0.113654 -0.00000 0 0 "V.MARING" "V.MARING" -0.113654 -0.00000
1 529 1390 1390 1187 0.00000 0.300000 0.00000 0.00000 0.00000 0.00000 0.00000 0.00000 false 0.00000 0.0835833 -0.00000 0 0 "V.SEPINF" "V.SEPINF" -0.0835833 -0.00000
1 530 1390 1390 1187 0.00000 0.300000 0.00000 0.00000 0.00000 0.00000 0.00000 0.00000 false 0.00000 0.0835833 -0.00000 0 0 "V.SEPING" "V.SEPING" -0.0835833 -0.00000
1 531 -1 1392 1189 0.00000 200.000 -86.5450 -68.3630 -68.3630 45.4540 63.6360 63.6360 false 0.00000 0.00000 0.00000 0 0 "VAIR6.TG1" "VAIR6.TG1" -99999.0 -99999.0
1 532 -1 1392 1189 0.00000 200.000 -85.2360 -70.6910 -70.6910 113.891 -2.47300 -2.47300 false 0.00000 0.00000 0.00000 0 0 "VAIR6.TG2" "VAIR6.TG2" -99999.0 -99999.0
1 533 -1 1393 1189 0.00000 200.000 -86.5450 -68.3630 -68.3630 45.4540 63.6360 63.6360 false 0.00000 0.00000 0.00000 0 0 "VAIR6.TG3" "VAIR6.TG3" -99999.0 -99999.0
1 534 1398 1398 1193 0.00000 1.10000 0.00000 0.00000 0.00000 0.00000 0.00000 0.00000 false 0.00000 0.358445 -0.00000 0 0 "VALENINF" "VALENINF" -0.358445 -0.00000
1 535 1398 1398 1193 0.00000 1.10000 0.00000 0.00000 0.00000 0.00000 0.00000 0.00000 true 1.06779 0.358445 -99999.0 0 0 "VALENING" "VALENING" -0.358445 -0.00000
1 536 -1 1400 1195 0.00000 64.0000 -30.0000 -37.0000 -37.0000 30.0000 37.0000 37.0000 false 0.00000 0.00000 0.00000 0 0 "VALLO6G1" "VALLO6G1" -99999.0 -99999.0
1 537 1400 1400 1195 0.00000 64.0000 -30.0000 -37.0000 -37.0000 30.0000 37.0000 37.0000 true 1.06539 0.00000 -99999.0 0 0 "VALLO6G2" "VALLO6G2" -0.00000 -20.9394
1 538 1400 1400 1195 0.00000 64.0000 -30.0000 -37.0000 -37.0000 30.0000 37.0000 37.0000 true 1.06539 0.00000 -99999.0 0 0 "VALLO6G3" "VALLO6G3" -0.00000 -20.9394
1 539 1403 1403 1198 0.00000 29.4000 0.00000 0.00000 0.00000 0.00000 0.00000 0.00000 false 1.05862 22.0000 -0.00000 0 0 "VAROIIN1" "VAROIIN1" -22.0000 -0.00000
1 540 1408 1408 1203 0.00000 0.500000 0.00000 0.00000 0.00000 0.00000 0.00000 0.00000 false 0.00000 0.184687 -0.00000 0 0 "VENDIINF" "VENDIINF" -0.184687 -0.00000
1 541 1408 1408 1203 0.00000 0.500000 0.00000 0.00000 0.00000 0.00000 0.00000 0.00000 false 0.00000 0.184687 -0.00000 0 0 "VENDIING" "VENDIING" -0.184687 -0.00000
1 542 1409 1409 1204 0.00000 8.10000 0.00000 0.00000 0.00000 0.00000 0.00000 0.00000 false 1.06711 3.00000 -0.00000 0 0 "VENISIN1" "VENISIN1" -3.00000 -0.00000
1 543 -1 1409 1204 0.00000 7.50000 0.00000 0.00000 0.00000 0.00000 0.00000 0.00000 false 0.00000 0.00000 0.00000 0 0 "VENISIN2" "VENISIN2" -99999.0 -99999.0
1 544 1411 1411 1206 0.00000 0.200000 0.00000 0.00000 0.00000 0.00000 0.00000 0.00000 false 0.00000 0.0718500 -0.00000 0 0 "VERININF" "VERININF" -0.0718500 -0.00000
1 545 1411 1411 1206 0.00000 0.200000 0.00000 0.00000 0.00000 0.00000 0.00000 0.00000 false 0.00000 0.0718500 -0.00000 0 0 "VERINING" "VERINING" -0.0718500 -0.00000
1 546 1419 1419 1214 0.00000 32.3000 0.00000 0.00000 0.00000 0.00000 0.00000 0.00000 false 1.06127 25.0000 -0.00000 0 0 "VICOGIN1" "VICOGIN1" -25.0000 -0.00000
1 547 1426 1426 1221 0.00000 0.200000 0.00000 0.00000 0.00000 0.00000 0.00000 0.00000 false 0.00000 0.0708798 -0.00000 0 0 "VIT.NINF" "VIT.NINF" -0.0708798 -0.00000
1 548 1426 1426 1221 0.00000 0.200000 0.00000 0.00000 0.00000 0.00000 0.00000 0.00000 false 0.00000 0.0708798 -0.00000 0 0 "VIT.NING" "VIT.NING" -0.0708798 -0.00000
1 549 -1 1428 1223 0.00000 182.000 -88.1000 -80.1000 -80.1000 52.8250 85.7000 85.7000 false 0.00000 0.00000 0.00000 0 0 "VLARO7G1" "VLARO7G1" -99999.0 -99999.0
1 550 -1 1428 1223 0.00000 182.000 -93.1000 -105.600 -105.600 52.7500 86.0000 86.0000 false 0.00000 0.00000 0.00000 0 0 "VLARO7G2" "VLARO7G2" -99999.0 -99999.0
1 551 1449 1449 1238 0.00000 0.300000 0.00000 0.00000 0.00000 0.00000 0.00000 0.00000 false 0.00000 0.113654 -0.00000 0 0 "WATTRINF" "WATTRINF" -0.113654 -0.00000
1 552 1450 1450 1238 0.00000 0.300000 0.00000 0.00000 0.00000 0.00000 0.00000 0.00000 true 1.06850 0.113654 -99999.0 0 0 "WATTRING" "WATTRING" -0.113654 -0.00000
