#branch_name branch_num bus_from bus_to r(pu)       x(pu)
1 1 1833 1 0.002607 0.017462
2 2 29 2 2.1e-05 0.000125
3 3 675 2 0.000145 0.001877
4 4 1271 2 0.000319 0.003234
5 5 30 2 2.1e-05 0.000125
6 6 142 3 0.006163 0.041067
7 7 677 3 0.000652 0.004369
8 8 1048 4 0.009733 0.034089
9 9 101 5 0.000277 0.002015
10 10 286 6 0.00881 0.033995
11 11 329 6 0.004642 0.019832
12 12 737 5 0.008861 0.03506
13 13 760 5 0.006993 0.032869
14 14 1330 6 0.002173 0.008731
15 15 1350 5 0.00077 0.003121
16 16 1523 6 0.004109 0.016138
17 17 102 8 8.3e-05 0.000907
18 18 316 8 0.000552 0.006726
19 19 623 8 0.000512 0.008012
20 20 882 8 0.001107 0.00918
21 21 103 7 6.2e-05 0.000741
22 22 623 8 0.000512 0.008019
23 23 623 7 0.001153 0.013123
24 24 113 9 0.000158 0.000672
25 25 1134 9 4.5e-05 8.9e-05
26 26 346 10 0.00478 0.028622
27 27 345 10 0.00478 0.028583
28 28 106 11 0.000257 0.000514
29 29 758 12 0.000257 0.002153
30 30 962 12 0.000277 0.000869
31 31 955 13 0.000237 0.00083
32 32 995 13 0.000178 0.000612
33 33 39 14 0.002568 0.011753
34 34 1428 14 0.002568 0.011615
35 35 1054 16 9.9e-05 0.00077
36 36 1054 15 9.9e-05 0.00077
37 37 1428 17 0.000514 0.003437
38 38 1432 17 0.005476 0.036879
39 39 39 17 0.000514 0.003457
40 40 869 18 0.003477 0.01118
41 41 1089 18 0.000612 0.003121
42 42 1164 20 2.4e-05 0.000144
43 43 1164 19 7.1e-05 0.000162
44 44 972 21 0.000257 0.001165
45 45 476 22 0.005709 0.037926
46 46 1497 22 0.001758 0.011654
47 47 69 23 0.001383 0.009462
48 48 446 23 0.00156 0.006933
49 49 605 23 0.006376 0.028733
50 50 987 23 0.00158 0.010627
51 51 845 25 0.001086 0.003536
52 52 845 25 0.001086 0.003536
53 53 123 27 0.004741 0.020385
54 54 1479 27 0.009027 0.048869
55 55 1500 27 0.003516 0.016257
56 56 289 28 0.000514 0.003417
57 57 307 28 0.001084 0.007198
58 58 1451 28 0.000523 0.002436
59 59 289 28 0.000514 0.003457
60 60 307 28 0.001086 0.007249
61 61 1450 28 0.000553 0.002469
62 62 307 28 0.001086 0.007269
63 63 842 31 0.001837 0.011694
64 64 960 31 0.001067 0.007131
65 65 1269 31 0.001284 0.008593
66 66 1270 31 0.001284 0.008593
67 67 1270 31 0.001284 0.008533
68 68 212 33 0.000494 0.000928
69 69 326 33 0.000184 0.00159
70 70 1153 33 0.000198 0.001711
71 71 1170 33 0.000751 0.003358
72 72 343 34 0.000178 0.001047
73 73 955 34 0.000316 0.002232
74 74 1257 35 0.037227 0.106836
75 75 1439 35 0.006089 0.020756
76 76 846 36 0.000729 0.005118
77 77 846 36 0.000755 0.005235
78 78 228 37 0.001787 0.01946
79 79 477 38 0.001719 0.00877
80 80 1179 38 0.009165 0.04318
81 81 134 39 0.004879 0.032454
82 82 195 39 0.006341 0.042746
83 83 208 39 0.006914 0.031249
84 84 296 40 0.000582 0.007652
85 85 766 40 0.001648 0.021634
86 86 950 40 0.000838 0.014301
87 87 1282 40 0.001163 0.015312
88 88 296 40 0.000575 0.007576
89 89 766 40 0.001646 0.021633
90 90 950 40 0.000838 0.014287
91 91 1281 40 0.00117 0.015339
92 92 1282 40 0.001821 0.017874
93 93 558 41 0.000672 0.003477
94 94 1420 42 0.000632 0.004188
95 95 1420 43 0.000612 0.004148
96 96 1040 44 0.000672 0.004405
97 97 1521 44 0.000968 0.004602
98 98 1040 44 0.000632 0.004444
99 99 1524 45 0.001975 0.013215
100 100 1525 45 0.001956 0.013037
101 101 1321 46 0.002933 0.010267
102 102 1429 46 0.0028 0.007511
103 103 49 48 2e-05 0.000198
104 104 49 47 2e-05 0.000198
105 105 298 49 0.002037 0.010904
106 106 318 49 0.000415 0.002015
107 107 370 49 0.000395 0.00156
108 108 608 49 4e-05 0.000178
109 109 836 49 0.001323 0.012444
110 110 1227 49 0.000454 0.002133
111 111 1381 49 0.000119 0.000691
112 112 1411 49 0.00083 0.005175
113 113 836 49 0.001314 0.012115
114 114 1379 49 5.9e-05 0.000217
115 115 1378 49 5.9e-05 0.000217
116 116 1169 50 0.000158 0.000948
117 117 704 51 0.001521 0.007076
118 118 1265 51 0.002469 0.011457
119 119 404 52 0.001442 0.009699
120 120 427 52 0.001422 0.009541
121 121 459 53 0.004681 0.028227
122 122 765 53 0.001185 0.008
123 123 1529 53 0.005333 0.02722
124 124 766 54 0.000145 0.001911
125 125 1416 54 0.000253 0.003323
126 126 1101 56 0.000494 0.002252
127 127 1101 55 0.000494 0.002252
128 128 320 1827 0.009857 0.04478
129 129 813 1827 0.017106 0.078321
130 130 1287 1827 0.010272 0.048691
131 131 461 57 0.012978 0.059338
132 132 827 57 0.01197 0.056632
133 133 1429 58 0.000578 0.001156
134 134 1090 60 0.000316 0.001679
135 135 1090 59 0.000316 0.001679
136 136 713 61 0.000277 0.000573
137 137 1032 62 0.001055 0.004836
138 138 998 63 0.002114 0.008553
139 139 342 65 0.000158 0.000652
140 140 894 64 0.000198 0.000731
141 141 1265 66 0.00324 0.012616
142 142 1397 67 0.007522 0.029736
143 143 1543 67 0.006809 0.03043
144 144 404 69 0.002153 0.014736
145 145 469 68 0.000581 0.003838
146 146 791 68 0.001857 0.020306
147 147 1348 69 0.002331 0.015526
148 148 1480 68 0.001345 0.008968
149 149 470 68 0.000573 0.003911
150 150 640 68 0.001896 0.012701
151 151 556 70 0.000602 0.006717
152 152 792 70 0.00063 0.007098
153 153 1421 70 0.000367 0.004631
154 154 792 70 0.000472 0.006201
155 155 1416 70 0.001504 0.019298
156 156 203 72 0.000158 0.001106
157 157 375 71 0.000219 0.00193
158 158 403 71 0.000158 0.000909
159 159 982 71 0.000411 0.00356
160 160 1104 72 0.000158 0.001264
161 161 842 73 0.000198 0.001383
162 162 842 74 0.000217 0.001402
163 163 387 75 0.001304 0.008691
164 164 842 75 0.000691 0.004662
165 165 78 76 9.9e-05 0.000415
166 166 300 77 1e-06 0.000104
167 167 436 77 0.000353 0.004584
168 168 705 77 0.000699 0.009179
169 169 436 77 0.000353 0.004584
170 170 705 77 0.000734 0.009245
171 171 302 77 7e-06 0.000104
172 172 301 77 7e-06 0.000104
173 173 435 78 0.002556 0.017333
174 174 1040 78 0.008849 0.062617
175 175 1431 79 2.2e-05 9.9e-05
176 176 1430 80 2e-05 9.9e-05
177 177 745 81 0.000573 0.002588
178 178 1432 82 2e-05 0.000198
179 179 626 83 0.000138 0.00077
180 180 181 84 0.001171 0.007842
181 181 854 84 0.002212 0.014979
182 182 1186 85 0.000691 0.002588
183 183 1187 85 0.000691 0.002588
184 184 553 86 0.001627 0.014855
185 185 553 86 0.001676 0.013899
186 186 519 87 0.003081 0.020286
187 187 870 87 0.00241 0.01603
188 188 1300 88 0.000176 0.001385
189 189 1351 88 0.001817 0.012642
190 190 1351 88 0.001865 0.012502
191 191 283 89 0.007422 0.024489
192 192 467 89 0.028356 0.083956
193 193 729 89 0.016844 0.058489
194 194 1335 89 0.009067 0.028133
195 195 1433 90 0.000593 0.00401
196 196 376 91 0.010351 0.032395
197 197 1489 91 0.009146 0.025778
198 198 934 93 0.000395 0.006648
199 199 950 93 0.000492 0.008345
200 200 1062 92 0.001198 0.015699
201 201 1110 93 0.000734 0.010623
202 202 1282 92 0.001479 0.019446
203 203 1347 92 0.000305 0.003975
204 204 935 92 0.000395 0.006641
205 205 950 92 0.000492 0.008338
206 206 1062 93 0.001184 0.015568
207 207 1110 92 0.000734 0.010623
208 208 1281 93 0.001482 0.019467
209 209 1347 93 0.000305 0.003982
210 210 937 92 0.000388 0.0066
211 211 936 93 0.000388 0.006593
212 212 1149 96 0.001817 0.012049
213 213 149 97 0.003496 0.023269
214 214 680 98 0.030213 0.105538
215 215 701 98 0.019498 0.06712
216 216 702 99 0.006262 0.040849
217 217 1232 100 2e-05 0.000198
218 218 616 101 0.001936 0.0128
219 219 231 104 2e-05 0.000198
220 220 955 104 0.000296 0.000988
221 221 232 1828 8.5e-05 0.000198
222 222 542 105 0.002487 0.016492
223 223 628 105 0.000873 0.003563
224 224 772 105 0.003563 0.023682
225 225 1059 105 0.002724 0.018108
226 226 627 105 0.000873 0.003563
227 227 955 106 0.000257 0.000928
228 228 122 107 0.002291 0.009936
229 229 872 107 0.004168 0.028918
230 230 1127 107 0.002054 0.024691
231 231 1168 107 0.004879 0.032533
232 232 1405 107 0.005294 0.036998
233 233 1436 107 0.001422 0.009896
234 234 554 108 0.002168 0.029238
235 235 596 108 0.001468 0.01491
236 236 776 108 0.002479 0.028151
237 237 1128 108 0.00072 0.00946
238 238 597 108 0.00142 0.01617
239 239 776 108 0.002486 0.028165
240 240 1216 108 0.001184 0.016073
241 241 854 109 0.000521 0.002315
242 242 145 110 0.000178 0.000909
243 243 227 111 0.00241 0.015694
244 244 783 111 0.006874 0.044761
245 245 772 112 0.001521 0.021728
246 246 1533 112 0.001304 0.017205
247 247 297 113 0.000336 0.001363
248 248 371 113 0.000178 0.001422
249 249 1348 114 0.002252 0.011951
250 250 1435 114 0.00079 0.005333
251 251 394 115 0.001501 0.010015
252 252 413 115 0.003103 0.021146
253 253 1341 115 0.00162 0.010765
254 254 1514 115 0.001807 0.017201
255 255 132 115 0.000217 0.001442
256 256 1341 115 0.00162 0.010726
257 257 131 115 0.000119 0.001086
258 258 651 117 0.00072 0.009453
259 259 774 117 0.003206 0.03536
260 260 1367 117 0.000616 0.008054
261 261 651 117 0.000713 0.009384
262 262 1368 117 0.000616 0.008061
263 263 133 117 3.5e-05 0.000374
264 264 990 119 0.013393 0.069551
265 265 1031 119 0.013491 0.070361
266 266 845 120 0.001956 0.010469
267 267 1021 120 0.001402 0.010173
268 268 1302 121 0.000648 0.00657
269 269 1302 121 0.000651 0.006572
270 270 622 123 0.00332 0.015328
271 271 716 124 0.007307 0.029226
272 272 1487 124 0.006551 0.01285
273 273 1437 125 2.4e-05 9.7e-05
274 274 157 126 9.9e-05 0.000198
275 275 158 130 1.4e-05 0.000145
276 276 158 127 7e-06 0.000159
277 277 158 128 1.4e-05 0.000166
278 278 158 129 1.4e-05 0.00018
279 279 845 135 0.000251 0.002177
280 280 839 136 0.001084 0.014247
281 281 890 136 0.000492 0.006489
282 282 915 136 7e-06 0.000152
283 283 838 136 0.001112 0.01462
284 284 891 136 0.000492 0.006489
285 285 916 136 7e-06 0.000104
286 286 395 137 0.001264 0.00964
287 287 408 137 0.001264 0.008415
288 288 811 137 0.002627 0.012188
289 289 812 137 0.001063 0.007064
290 290 1241 137 0.002489 0.016711
291 291 1486 137 0.0016 0.014933
292 292 395 137 0.001264 0.009659
293 293 263 138 0.000501 0.005472
294 294 821 138 0.000429 0.004737
295 295 376 140 0.000553 0.003714
296 296 416 140 0.003951 0.020148
297 297 1279 141 0.007447 0.034884
298 298 1314 140 0.000632 0.004286
299 299 376 140 0.000553 0.003714
300 300 986 140 0.001106 0.005353
301 301 1314 141 0.000672 0.004543
302 302 919 142 0.004188 0.027872
303 303 1336 142 0.00322 0.022183
304 304 1336 142 0.00322 0.022183
305 305 395 143 0.000217 0.00081
306 306 395 144 0.000257 0.000988
307 307 813 145 0.003358 0.02242
308 308 1524 145 0.003437 0.022933
309 309 827 146 0.002145 0.009679
310 310 827 147 0.002125 0.009576
311 311 517 148 0.000691 0.001383
312 312 1108 149 0.001699 0.011299
313 313 416 150 0.0048 0.022637
314 314 871 150 0.003319 0.015664
315 315 181 151 0.000514 0.001541
316 316 354 153 0.00324 0.034272
317 317 494 154 0.005077 0.023783
318 318 918 154 0.002368 0.018825
319 319 1027 154 0.003279 0.043101
320 320 1238 154 0.0014 0.011018
321 321 153 152 4.8e-05 8.8e-05
322 322 983 155 0.000102 0.001632
323 323 438 156 0.001027 0.017738
324 324 626 156 0.000318 0.002424
325 325 437 156 0.001027 0.017738
326 326 626 156 0.000397 0.002657
327 327 857 158 0.000637 0.008255
328 328 979 158 0.000688 0.009993
329 329 390 158 0.000443 0.006454
330 330 978 158 0.000688 0.009993
331 331 390 158 0.000464 0.006766
332 332 390 158 0.000464 0.006773
333 333 980 159 0.001025 0.004614
334 334 947 160 0.001934 0.01293
335 335 1351 160 0.004642 0.03089
336 336 164 163 0.000968 0.001975
337 337 164 161 0.000968 0.001975
338 338 164 162 0.000968 0.001975
339 339 785 164 0.00348 0.023956
340 340 1007 164 0.002449 0.017106
341 341 1453 164 0.006001 0.041452
342 342 1500 165 4e-05 0.000198
343 343 658 166 0.001205 0.005511
344 344 574 167 0.01438 0.065067
345 345 827 167 0.003538 0.016484
346 346 1006 167 0.012634 0.056573
347 347 1460 167 0.003516 0.016158
348 348 1464 167 0.00316 0.014914
349 349 1542 167 0.007704 0.034647
350 350 827 167 0.002489 0.016257
351 351 282 167 0.003457 0.015467
352 352 776 168 0.006579 0.049467
353 353 1126 168 0.001357 0.014821
354 354 760 169 0.00352 0.014823
355 355 1439 170 0.001111 0.003244
356 356 1438 172 2e-05 0.000198
357 357 1440 171 9.9e-05 0.000296
358 358 1415 173 0.000936 0.006236
359 359 958 181 0.001636 0.010939
360 360 769 182 0.000257 0.001758
361 361 1082 182 0.00162 0.011121
362 362 1242 186 1.4e-05 0.000173
363 363 1243 185 1.4e-05 0.000187
364 364 1242 183 1.4e-05 0.000201
365 365 1243 184 1.4e-05 0.000201
366 366 1032 187 0.005215 0.035002
367 367 477 188 0.001397 0.009306
368 368 763 188 0.003415 0.021827
369 369 1441 189 2e-05 9.9e-05
370 370 554 190 7e-06 0.000132
371 371 554 191 7e-06 0.000104
372 372 1274 192 0.000237 0.000573
373 373 674 194 0.000869 0.003891
374 374 674 193 0.000869 0.003891
375 375 1443 197 0.002706 0.0128
376 376 1452 198 0.00237 0.015803
377 377 493 199 0.003554 0.024524
378 378 586 199 0.006493 0.043265
379 379 1183 199 0.007921 0.053985
380 380 1478 199 0.004543 0.030262
381 381 1238 200 0.001126 0.004978
382 382 267 201 0.003536 0.01683
383 383 1212 201 0.001541 0.009936
384 384 1328 201 0.008375 0.039704
385 385 229 202 0.011378 0.053886
386 386 708 202 0.003457 0.023724
387 387 750 202 0.008415 0.041422
388 388 1176 202 0.003793 0.017007
389 389 1530 202 0.004701 0.026726
390 390 1833 202 0.001877 0.018252
391 391 1833 202 0.001857 0.017521
392 392 447 203 4.8e-05 8.8e-05
393 393 1156 203 0.000533 0.004642
394 394 477 204 0.002827 0.011058
395 395 763 204 0.002258 0.00946
396 396 730 205 0.001363 0.009126
397 397 1329 205 0.0016 0.010825
398 398 730 205 0.001402 0.009422
399 399 1329 205 0.00162 0.010963
400 400 121 206 0.001153 0.010798
401 401 121 206 0.00115 0.010796
402 402 1025 207 0.000377 0.00069
403 403 1104 207 0.000336 0.001304
404 404 208 1829 2e-05 0.000198
405 405 1189 208 0.005472 0.024889
406 406 440 209 0.002015 0.013551
407 407 1052 209 0.012484 0.056454
408 408 1071 209 0.000869 0.003911
409 409 1072 209 0.000869 0.003911
410 410 1539 209 0.001001 0.006712
411 411 1442 210 0.000614 0.004093
412 412 479 211 0.000523 0.002596
413 413 196 213 0.00484 0.021393
414 414 218 213 0.001541 0.007309
415 415 251 213 0.000672 0.004602
416 416 567 213 0.00243 0.011477
417 417 1338 213 0.002311 0.011378
418 418 1447 213 0.000474 0.002331
419 419 1455 213 0.002825 0.019082
420 420 544 213 0.004286 0.029037
421 421 1443 213 0.002074 0.009758
422 422 263 215 0.001566 0.015874
423 423 357 215 0.001309 0.01286
424 424 260 216 7e-06 0.000125
425 425 559 216 0.000693 0.007687
426 426 1443 217 0.000691 0.003279
427 427 425 220 0.000277 0.001916
428 428 425 219 0.000277 0.001936
429 429 1055 221 0.000217 0.001205
430 430 448 222 0.00162 0.007447
431 431 1050 222 0.000889 0.005965
432 432 479 223 0.000533 0.003536
433 433 1444 224 0.000178 0.001185
434 434 614 225 0.002889 0.0064
435 435 1030 1830 0.000205 0.002108
436 436 350 226 0.002899 0.029385
437 437 787 226 0.002045 0.020735
438 438 783 227 0.00924 0.060219
439 439 846 227 0.009007 0.066726
440 440 893 227 0.004543 0.030479
441 441 893 227 0.004326 0.029037
442 442 1150 228 0.001357 0.017597
443 443 1150 228 0.001343 0.01741
444 444 1032 229 0.003615 0.024178
445 445 739 230 0.001136 0.012154
446 446 792 230 0.001309 0.013996
447 447 910 232 0.000257 0.001521
448 448 942 232 0.000259 0.000506
449 449 1173 233 0.000928 0.006202
450 450 1173 234 0.000928 0.006202
451 451 1446 235 2e-05 0.000198
452 452 1445 236 2e-05 0.000198
453 453 581 237 0.001067 0.00723
454 454 841 238 0.003358 0.022341
455 455 1012 237 0.00318 0.020938
456 456 1280 237 0.000928 0.008968
457 457 1547 238 0.004899 0.022815
458 458 1280 238 0.000889 0.008415
459 459 632 239 0.000237 0.001422
460 460 848 240 0.000277 0.001086
461 461 1178 240 0.000296 0.000672
462 462 386 242 0.002267 0.007156
463 463 1367 243 0.000286 0.004868
464 464 1367 244 0.000287 0.004892
465 465 1368 245 0.000283 0.004814
466 466 1368 246 0.000285 0.004843
467 467 997 247 0.000514 0.001383
468 468 1164 247 0.000247 0.001084
469 469 670 249 0.013096 0.066153
470 470 702 248 0.002074 0.009956
471 471 702 248 0.001533 0.009225
472 472 702 249 0.00156 0.009343
473 473 784 250 0.001452 0.020223
474 474 1352 250 0.001672 0.022177
475 475 784 250 0.001447 0.020166
476 476 1352 250 0.001669 0.022168
477 477 891 252 0.002874 0.022174
478 478 949 252 0.000139 0.001115
479 479 972 255 0.00322 0.021136
480 480 991 255 0.000553 0.003694
481 481 1482 253 0.000494 0.005689
482 482 1494 255 0.000652 0.004504
483 483 1495 255 0.000652 0.004504
484 484 1481 253 0.000514 0.005689
485 485 1469 254 0.000869 0.008435
486 486 1470 254 0.000889 0.008553
487 487 814 258 0.000686 0.007091
488 488 1282 258 0.000609 0.006378
489 489 814 257 0.000686 0.007119
490 490 1281 257 0.000609 0.006406
491 491 1360 259 0.002074 0.013847
492 492 1360 259 0.002074 0.013847
493 493 295 261 0.00083 0.005649
494 494 348 261 0.002193 0.014894
495 495 1447 262 0.00638 0.031486
496 496 357 263 0.002877 0.028829
497 497 363 263 0.002188 0.024233
498 498 623 263 0.000997 0.014175
499 499 821 263 0.000376 0.002891
500 500 1008 263 0.000976 0.009886
501 501 1243 263 0.000389 0.003951
502 502 363 263 0.001562 0.01912
503 503 623 263 0.000998 0.014177
504 504 821 263 0.000199 0.002553
505 505 1008 263 0.000976 0.009891
506 506 1242 263 0.000388 0.003954
507 507 1242 263 0.000395 0.004003
508 508 1243 263 0.000395 0.004003
509 509 420 267 0.003101 0.020859
510 510 420 267 0.004978 0.022005
511 511 420 267 0.003121 0.0208
512 512 1353 269 0.000499 0.005048
513 513 1353 268 0.000499 0.005042
514 514 500 271 0.002193 0.010884
515 515 1179 271 0.004049 0.018272
516 516 365 272 0.011032 0.050442
517 517 602 272 0.001481 0.013926
518 518 602 272 0.001481 0.013926
519 519 436 273 0.0016 0.017334
520 520 705 273 0.000312 0.004044
521 521 1041 273 0.000824 0.010499
522 522 1390 273 0.00133 0.014252
523 523 705 273 0.000312 0.004044
524 524 1041 273 0.000824 0.010505
525 525 1079 274 0.001936 0.012879
526 526 1236 275 0.000164 0.001106
527 527 318 276 0.000336 0.000849
528 528 341 276 0.000178 0.000691
529 529 1371 276 0.000316 0.001304
530 530 1381 276 9.9e-05 0.000612
531 531 1334 279 0.001146 0.007111
532 532 596 280 0.001136 0.012874
533 533 1008 280 0.000547 0.010021
534 534 1243 280 0.001184 0.012029
535 535 458 280 0.000369 0.006726
536 536 597 280 0.001136 0.012874
537 537 1242 280 0.001177 0.012029
538 538 1460 281 7.9e-05 0.000316
539 539 1120 283 0.001956 0.008844
540 540 1527 285 0.000198 0.000672
541 541 1526 284 0.000198 0.000691
542 542 557 286 0.009264 0.031822
543 543 398 288 2e-05 0.000198
544 544 398 287 4e-05 0.000198
545 545 1169 289 0.00322 0.021689
546 546 406 290 0.003516 0.016415
547 547 896 290 0.004168 0.028346
548 548 945 290 0.001936 0.00883
549 549 1115 290 0.008099 0.036603
550 550 1409 290 0.000948 0.005886
551 551 406 290 0.002331 0.015724
552 552 1408 290 0.000948 0.005748
553 553 406 290 0.002311 0.015763
554 554 1067 290 0.000336 0.002331
555 555 861 290 0.000211 0.001199
556 556 860 290 0.000209 0.001189
557 557 294 291 2.1e-05 0.000208
558 558 308 291 0.00126 0.014141
559 559 1068 293 7.9e-05 0.000859
560 560 1260 292 0.001904 0.021302
561 561 1383 293 0.001517 0.01687
562 562 1448 292 2.1e-05 0.000187
563 563 294 292 2.1e-05 0.000208
564 564 308 291 0.00126 0.01412
565 565 839 293 0.000983 0.010949
566 566 891 293 0.001711 0.017348
567 567 1260 293 0.001281 0.018476
568 568 1260 293 0.001274 0.018324
569 569 348 295 0.002943 0.02001
570 570 810 295 0.005926 0.04079
571 571 1057 295 0.004571 0.030552
572 572 1359 295 0.002121 0.009661
573 573 1461 295 0.002969 0.013217
574 574 1488 295 0.005551 0.025146
575 575 556 296 0.000409 0.005409
576 576 709 296 0.001371 0.013871
577 577 1416 296 0.002154 0.021884
578 578 556 296 0.000416 0.005443
579 579 709 296 0.001364 0.01383
580 580 1416 296 0.002154 0.021877
581 581 342 297 0.000968 0.002943
582 582 371 297 0.000217 0.000849
583 583 895 297 0.001205 0.002746
584 584 1130 297 0.000454 0.002331
585 585 1385 297 0.001284 0.0096
586 586 1411 298 0.001225 0.006104
587 587 370 298 0.000257 0.000849
588 588 1131 298 0.000553 0.002548
589 589 1385 297 0.001284 0.00956
590 590 1385 297 0.000909 0.00879
591 591 1502 297 0.000533 0.005096
592 592 623 299 0.000277 0.002618
593 593 435 303 0.007802 0.052444
594 594 794 303 0.003101 0.020563
595 595 1057 303 0.003761 0.025235
596 596 1413 303 0.008889 0.032197
597 597 435 303 0.01442 0.071763
598 598 739 304 0.000381 0.007008
599 599 739 305 0.000374 0.006434
600 600 801 306 0.001679 0.017284
601 601 801 306 0.001501 0.018568
602 602 734 307 0.00079 0.005345
603 603 759 307 0.00255 0.017084
604 604 734 307 0.000745 0.005047
605 605 550 308 0.000741 0.009716
606 606 1386 308 0.000422 0.004709
607 607 550 308 0.000741 0.009709
608 608 1386 308 0.000422 0.004758
609 609 1386 308 0.000644 0.005035
610 610 854 309 0.004514 0.029863
611 611 1337 311 1.4e-05 0.000208
612 612 1337 310 2.1e-05 0.000242
613 613 516 312 0.002402 0.015149
614 614 667 312 0.000889 0.005333
615 615 619 313 0.000751 0.004978
616 616 767 313 0.001738 0.011694
617 617 619 313 0.000652 0.004346
618 618 427 314 0.000593 0.002667
619 619 427 315 0.000591 0.00268
620 620 999 316 0.000972 0.012113
621 621 442 317 0.003477 0.023249
622 622 610 317 0.006341 0.042232
623 623 1449 319 4.5e-05 8.9e-05
624 624 359 320 0.002601 0.017284
625 625 1427 320 0.008257 0.036427
626 626 658 321 0.001857 0.014461
627 627 1364 321 0.003202 0.030829
628 628 708 323 0.006005 0.02878
629 629 841 323 0.003595 0.0176
630 630 1405 324 0.002133 0.014756
631 631 1030 325 0.00642 0.043852
632 632 1193 325 0.003002 0.020227
633 633 1044 326 8.9e-05 0.000751
634 634 361 328 0.003477 0.018074
635 635 825 328 0.003141 0.015526
636 636 941 328 0.000237 0.001541
637 637 616 329 0.001086 0.00642
638 638 760 329 0.004464 0.021452
639 639 703 330 0.000158 0.000474
640 640 848 330 0.000198 0.00077
641 641 1451 331 1.6e-05 9.9e-05
642 642 1450 332 1.6e-05 9.9e-05
643 643 1109 333 0.005531 0.037215
644 644 1298 2072 0.004365 0.029491
645 645 1109 2072 0.005452 0.036365
646 646 427 334 0.003002 0.014163
647 647 555 334 0.001778 0.009837
648 648 435 335 0.005491 0.037076
649 649 1201 335 0.000454 0.0032
650 650 1452 335 0.00083 0.005669
651 651 435 335 0.005412 0.036543
652 652 435 335 0.005432 0.036543
653 653 1010 340 0.00877 0.026489
654 654 1159 340 0.000968 0.003516
655 655 1531 340 0.008099 0.028247
656 656 988 340 0.001521 0.00721
657 657 484 341 0.000138 0.000573
658 658 892 343 0.000198 0.000731
659 659 955 343 0.000652 0.002351
660 660 1482 343 0.000593 0.005649
661 661 892 343 0.000182 0.000622
662 662 955 343 0.000652 0.00237
663 663 1481 343 0.000612 0.005669
664 664 892 343 0.000237 0.002114
665 665 1469 343 0.000217 0.002054
666 666 1470 343 0.000217 0.002035
667 667 981 345 0.00287 0.017709
668 668 1456 346 0.002015 0.012879
669 669 557 345 0.00482 0.03119
670 670 559 347 0.000529 0.008085
671 671 882 347 0.001142 0.014569
672 672 607 348 0.002884 0.019358
673 673 990 348 0.004978 0.024514
674 674 1031 348 0.015328 0.102262
675 675 1224 348 0.005531 0.02797
676 676 1515 348 0.001067 0.007289
677 677 338 348 5.9e-05 0.000889
678 678 990 348 0.002805 0.019002
679 679 1488 348 0.001027 0.006775
680 680 336 348 7.9e-05 0.00083
681 681 337 348 5.9e-05 0.000652
682 682 436 350 0.003102 0.031524
683 683 742 350 0.001168 0.011767
684 684 436 350 0.00313 0.031724
685 685 743 350 0.001163 0.011728
686 686 786 350 0.004905 0.049964
687 687 339 350 2.1e-05 0.000249
688 688 352 351 0.001027 0.004721
689 689 836 351 0.001027 0.004899
690 690 826 352 0.002548 0.012346
691 691 365 353 0.004721 0.031348
692 692 1363 353 0.003556 0.023585
693 693 473 354 0.00156 0.01039
694 694 547 354 0.001084 0.005086
695 695 898 354 0.002153 0.012978
696 696 547 354 0.0011 0.004978
697 697 898 354 0.002173 0.013017
698 698 1454 355 0.000158 0.000691
699 699 858 356 0.002544 0.02015
700 700 1239 356 0.003727 0.028836
701 701 382 357 3.5e-05 0.000512
702 702 1008 357 0.001887 0.019088
703 703 1271 357 0.001579 0.01509
704 704 1320 357 0.000949 0.009342
705 705 381 357 3.5e-05 0.000506
706 706 1008 357 0.001874 0.018954
707 707 1320 357 0.00097 0.009536
708 708 383 357 3.5e-05 0.000547
709 709 1320 357 0.00097 0.009536
710 710 384 357 3.5e-05 0.000547
711 711 1455 358 0.000869 0.006025
712 712 478 361 0.001027 0.006677
713 713 601 360 0.009521 0.064237
714 714 825 361 0.002133 0.023348
715 715 941 362 0.002232 0.007802
716 716 1137 360 0.000593 0.002588
717 717 1166 360 2e-05 0.015803
718 718 1182 361 0.001778 0.016356
719 719 1258 361 0.011694 0.078657
720 720 1531 361 0.000237 0.00156
721 721 478 360 0.001027 0.006657
722 722 988 360 0.00476 0.022499
723 723 1166 362 2e-05 0.000198
724 724 1343 363 0.000462 0.006438
725 725 1343 363 0.000462 0.006434
726 726 527 364 0.003234 0.01923
727 727 557 364 0.019951 0.071546
728 728 933 364 0.016 0.053472
729 729 996 365 0.005472 0.037728
730 730 1268 365 0.000968 0.00638
731 731 1499 365 0.005669 0.025639
732 732 657 366 0.082196 0.171444
733 733 605 367 0.002825 0.018765
734 734 722 367 0.000474 0.003101
735 735 1420 367 0.00173 0.01154
736 736 1420 367 0.001719 0.011496
737 737 533 368 0.013472 0.067378
738 738 1106 368 0.004563 0.02448
739 739 1433 368 0.010627 0.045511
740 740 1501 368 0.009798 0.045748
741 741 1519 368 0.011674 0.053096
742 742 890 369 0.000812 0.006278
743 743 1080 369 0.001797 0.019272
744 744 1365 369 0.003831 0.029281
745 745 573 371 0.000198 0.0016
746 746 1133 371 0.000454 0.001106
747 747 1294 370 0.000316 0.000948
748 748 559 372 0.00077 0.011178
749 749 623 372 0.00088 0.012722
750 750 1242 372 0.000312 0.004467
751 751 559 373 0.000771 0.011192
752 752 1243 373 0.000312 0.004467
753 753 512 374 2e-05 0.000198
754 754 1274 375 0.000178 0.000632
755 755 660 377 0.00077 0.005195
756 756 1026 377 0.000553 0.003694
757 757 1117 377 0.000514 0.001007
758 758 1358 377 0.001679 0.008296
759 759 1420 377 0.002548 0.016968
760 760 660 377 0.000731 0.004938
761 761 1026 377 0.000533 0.003635
762 762 1116 377 0.000494 0.001007
763 763 530 378 0.000514 0.001185
764 764 574 379 0.000138 0.000573
765 765 752 380 0.000632 0.004168
766 766 1456 385 2e-05 0.000198
767 767 397 386 0.0004 0.001244
768 768 467 386 0.019956 0.0604
769 769 1113 386 0.017467 0.063733
770 770 1485 387 0.001233 0.008227
771 771 598 388 0.003911 0.027062
772 772 854 388 0.000711 0.006894
773 773 865 388 0.007012 0.030617
774 774 1322 388 0.007639 0.051542
775 775 443 390 0.002597 0.034127
776 776 963 390 0.002999 0.033656
777 777 1150 390 0.001302 0.013172
778 778 443 390 0.002597 0.034127
779 779 857 390 0.000256 0.002701
780 780 1150 390 0.001309 0.013255
781 781 1360 391 0.002765 0.01843
782 782 601 392 0.002114 0.012662
783 783 1437 392 0.000595 0.004024
784 784 602 393 0.001264 0.008415
785 785 1835 395 0.000731 0.001383
786 786 420 398 0.005867 0.03919
787 787 1466 398 0.003812 0.025482
788 788 1058 399 0.00316 0.021017
789 789 1079 399 0.004612 0.030706
790 790 1090 401 0.000138 0.001363
791 791 1090 400 0.000158 0.001323
792 792 520 402 0.000559 0.001024
793 793 1164 403 0.000292 0.002538
794 794 1348 404 0.000632 0.004306
795 795 964 405 0.001244 0.008415
796 796 1169 405 0.002114 0.014242
797 797 1393 407 0.001719 0.008
798 798 1427 409 0.000608 0.004067
799 799 1521 409 0.002054 0.013689
800 800 573 410 0.000356 0.000731
801 801 413 411 2e-05 9.8e-05
802 802 730 412 0.000968 0.005906
803 803 845 412 0.001331 0.009015
804 804 698 413 0.00561 0.030894
805 805 1404 413 0.003812 0.025383
806 806 1363 414 0.005233 0.024413
807 807 1499 414 0.002252 0.01037
808 808 1364 414 0.00397 0.02639
809 809 752 416 0.005314 0.024119
810 810 1314 416 0.003398 0.017541
811 811 752 416 0.005412 0.024571
812 812 279 418 0.001256 0.008251
813 813 1334 418 0.000158 0.000652
814 814 1459 419 0.001047 0.006973
815 815 620 420 0.005393 0.029649
816 816 621 420 0.005393 0.02963
817 817 1466 420 0.001877 0.012543
818 818 550 421 0.000589 0.007708
819 819 1353 421 0.00115 0.01169
820 820 1426 421 0.00241 0.024446
821 821 550 421 0.000589 0.007708
822 822 1353 421 0.00115 0.01169
823 823 1386 421 0.00153 0.015526
824 824 905 422 0.004464 0.029669
825 825 1360 422 0.005156 0.034489
826 826 1322 423 0.008122 0.036857
827 827 1355 423 0.011081 0.049936
828 828 619 424 0.000336 0.002173
829 829 504 425 0.00156 0.01041
830 830 583 425 0.000178 0.001659
831 831 1053 425 0.002035 0.012563
832 832 1060 425 0.000257 0.001659
833 833 504 425 0.001432 0.009557
834 834 1060 425 0.000158 0.001067
835 835 614 426 0.008542 0.029422
836 836 791 427 0.003368 0.036373
837 837 1349 428 0.000375 0.001383
838 838 1414 429 0.000903 0.006023
839 839 772 432 0.002359 0.016431
840 840 662 433 4e-05 0.000988
841 841 1305 433 5.9e-05 0.001185
842 842 1312 433 4e-05 0.000988
843 843 1544 434 0.000968 0.00644
844 844 919 435 0.011773 0.053926
845 845 679 436 0.000966 0.009803
846 846 961 436 0.002015 0.020838
847 847 678 436 0.000963 0.009792
848 848 1303 439 0.002805 0.019378
849 849 1488 440 0.010311 0.068543
850 850 1539 440 0.001017 0.006912
851 851 711 441 0.000976 0.013206
852 852 742 441 0.001017 0.010325
853 853 829 441 0.001369 0.017997
854 854 1023 441 0.002352 0.025391
855 855 1041 441 0.002021 0.026575
856 856 711 441 0.000976 0.013213
857 857 743 441 0.001017 0.010325
858 858 1355 442 0.005223 0.034671
859 859 576 443 2.1e-05 0.000301
860 860 719 443 0.000697 0.009107
861 861 577 443 1.9e-05 0.00028
862 862 1352 443 0.001244 0.016445
863 863 495 444 0.005096 0.033837
864 864 1460 444 0.005057 0.030084
865 865 1461 445 2e-06 0.000198
866 866 721 446 0.000336 0.001481
867 867 1348 446 0.000652 0.004346
868 868 720 446 0.000336 0.001501
869 869 515 448 0.006202 0.041343
870 870 1298 448 0.001205 0.008099
871 871 1298 448 0.001225 0.008099
872 872 1462 449 0.000988 0.005709
873 873 1055 450 0.001877 0.012504
874 874 1101 450 0.001462 0.009758
875 875 1260 452 2.8e-05 0.000388
876 876 1260 451 2.8e-05 0.000388
877 877 1260 453 2.8e-05 0.000388
878 878 1260 454 2.8e-05 0.000388
879 879 730 455 0.000672 0.003891
880 880 730 455 0.000632 0.003812
881 881 570 456 0.00083 0.005709
882 882 1096 456 0.001709 0.016636
883 883 1185 456 0.001758 0.017442
884 884 570 456 0.00083 0.005709
885 885 1008 458 0.000187 0.00349
886 886 765 459 0.003773 0.025264
887 887 1189 459 0.005195 0.023585
888 888 1069 460 4e-05 0.000988
889 889 1319 460 5.9e-05 0.001047
890 890 1307 460 7.9e-05 0.001284
891 891 775 461 0.028721 0.081007
892 892 795 461 0.012247 0.062222
893 893 853 461 0.009067 0.042884
894 894 868 461 0.020602 0.068109
895 895 919 461 0.016691 0.075299
896 896 1218 461 0.008158 0.03516
897 897 1328 461 0.016612 0.078676
898 898 827 461 0.023407 0.110815
899 899 776 462 0.001898 0.021337
900 900 963 462 0.001828 0.020533
901 901 1337 462 0.001053 0.013843
902 902 1353 462 0.002888 0.031752
903 903 1337 462 0.001053 0.01383
904 904 813 464 0.003319 0.021472
905 905 1152 464 0.001205 0.007684
906 906 1197 463 0.002212 0.014558
907 907 1354 463 0.000435 0.002923
908 908 1840 464 0.000593 0.00397
909 909 1152 464 0.001146 0.007664
910 910 1463 465 0.000178 0.001185
911 911 1464 466 9.9e-05 0.000454
912 912 666 468 0.005669 0.026094
913 913 1405 468 0.001719 0.01199
914 914 1465 471 1.3e-05 9.9e-05
915 915 572 472 0.000138 0.000336
916 916 898 473 0.001888 0.013914
917 917 1466 474 2e-05 9.9e-05
918 918 490 475 0.002481 0.012134
919 919 793 475 0.003398 0.021373
920 920 1339 475 0.00081 0.005551
921 921 555 1832 0.000336 0.000672
922 922 1540 476 0.005294 0.036464
923 923 1483 477 0.006558 0.029807
924 924 1492 478 0.001975 0.013412
925 925 473 479 0.005017 0.033403
926 926 494 479 0.003595 0.019635
927 927 798 479 0.001422 0.008217
928 928 938 479 0.002212 0.014044
929 929 1044 479 0.001408 0.008494
930 930 1055 479 0.002647 0.01762
931 931 938 479 0.002212 0.013985
932 932 1444 479 0.000336 0.002232
933 933 1200 480 4.8e-05 8.8e-05
934 934 1200 481 4.8e-05 8.8e-05
935 935 1199 482 4.8e-05 8.8e-05
936 936 1199 483 4.8e-05 8.8e-05
937 937 489 487 2e-05 0.000198
938 938 489 486 2e-05 0.000198
939 939 489 488 2e-05 0.000198
940 940 489 485 2e-05 0.000198
941 941 910 489 0.000316 0.001067
942 942 1292 489 0.000395 0.002706
943 943 910 489 0.000217 0.001817
944 944 1012 489 0.002193 0.014736
945 945 1468 489 0.001225 0.007822
946 946 1467 489 0.001225 0.007822
947 947 615 490 0.002779 0.013788
948 948 1468 492 0.000553 0.001106
949 949 1467 491 0.000553 0.001106
950 950 586 493 0.005057 0.033561
951 951 1261 495 0.004913 0.032622
952 952 500 496 0.00033 0.001503
953 953 500 497 0.000296 0.001349
954 954 874 499 7e-06 0.000132
955 955 874 498 7e-06 0.000125
956 956 503 500 2e-06 0.001185
957 957 926 500 0.00322 0.014835
958 958 1402 500 0.00083 0.00796
959 959 502 500 2e-06 0.001185
960 960 501 500 2e-06 0.001185
961 961 713 504 0.002015 0.013551
962 962 966 504 0.001094 0.011536
963 963 1090 504 2e-05 9.9e-05
964 964 1099 504 0.001205 0.008
965 965 1207 504 0.00403 0.027496
966 966 966 504 0.001096 0.011575
967 967 1090 504 2e-05 0.000119
968 968 669 506 0.001383 0.007881
969 969 805 507 0.000256 0.004377
970 970 805 510 0.000263 0.004377
971 971 805 508 0.000263 0.004384
972 972 805 509 0.000263 0.004391
973 973 1420 511 0.000134 0.000245
974 974 756 512 0.000178 0.000711
975 975 1104 512 0.000316 0.001264
976 976 854 513 0.010943 0.072652
977 977 865 513 0.014775 0.052267
978 978 904 513 0.020543 0.073482
979 979 1144 513 0.015921 0.072375
980 980 1478 513 0.008435 0.056138
981 981 710 515 0.009912 0.044701
982 982 1287 515 0.007605 0.036603
983 983 1441 515 0.005114 0.03518
984 984 1407 516 0.00557 0.03362
985 985 854 517 0.002975 0.019475
986 986 958 517 0.002627 0.017975
987 987 854 517 0.002993 0.019532
988 988 1240 519 0.002923 0.020543
989 989 995 521 0.000142 0.000822
990 990 995 520 0.000217 0.000849
991 991 522 1325 0.000138 0.000296
992 992 1092 523 0.005965 0.039901
993 993 1436 523 0.000889 0.006104
994 994 925 524 0.004681 0.021847
995 995 1262 525 0.002953 0.019787
996 996 1262 525 0.002963 0.019733
997 997 626 526 0.000494 0.002212
998 998 626 526 0.000474 0.002193
999 999 559 528 0.002086 0.025528
1000 1000 764 528 0.001432 0.015665
1001 1001 1301 529 0.002726 0.018212
1002 1002 1301 529 0.002765 0.018212
1003 1003 1492 530 0.000375 0.002548
1004 1004 1505 530 0.001969 0.011678
1005 1005 1469 532 2e-05 0.000198
1006 1006 1470 531 2e-05 0.000198
1007 1007 1465 533 0.003832 0.019733
1008 1008 1054 534 5.9e-05 0.000138
1009 1009 1471 536 2e-05 0.000198
1010 1010 1472 535 2e-05 0.000198
1011 1011 758 537 0.000217 0.00081
1012 1012 542 538 2e-06 0.001185
1013 1013 542 539 2e-06 0.001185
1014 1014 542 540 2e-06 0.001185
1015 1015 542 541 2e-06 0.001185
1016 1016 1167 542 0.00381 0.02541
1017 1017 818 544 0.00476 0.032099
1018 1018 1011 544 0.002825 0.019082
1019 1019 1138 544 0.000593 0.00403
1020 1020 1455 544 0.0016 0.010884
1021 1021 1239 545 0.018712 0.063684
1022 1022 1377 545 0.01297 0.04896
1023 1023 1215 546 0.001363 0.009106
1024 1024 1474 546 0.011437 0.078084
1025 1025 653 547 0.000869 0.004407
1026 1026 672 548 0.000217 0.000474
1027 1027 1464 549 0.002765 0.012998
1028 1028 554 550 0.001205 0.015845
1029 1029 1260 550 0.000623 0.008172
1030 1030 554 550 0.001205 0.015852
1031 1031 1260 550 0.000623 0.008172
1032 1032 731 551 0.001622 0.010949
1033 1033 840 551 0.004361 0.019407
1034 1034 1240 551 0.00644 0.043615
1035 1035 840 551 0.002884 0.019127
1036 1036 1126 553 0.003553 0.040406
1037 1037 1263 553 0.001413 0.020512
1038 1038 1352 553 0.002029 0.020568
1039 1039 665 553 0.001233 0.012465
1040 1040 1263 553 0.00141 0.019927
1041 1041 1216 554 0.000983 0.012909
1042 1042 957 555 0.011299 0.051259
1043 1043 1348 555 0.002232 0.012286
1044 1044 1348 555 0.003714 0.017975
1045 1045 667 558 0.003812 0.018568
1046 1046 1175 557 0.003911 0.01679
1047 1047 1407 558 0.005057 0.031131
1048 1048 1456 557 0.002785 0.018153
1049 1049 1365 559 0.002569 0.036468
1050 1050 1365 559 0.002569 0.036468
1051 1051 1365 559 0.005422 0.039197
1052 1052 566 565 2e-06 0.001185
1053 1053 566 563 2e-06 0.001185
1054 1054 566 562 2e-06 0.001185
1055 1055 566 560 2e-06 0.001185
1056 1056 566 561 2e-06 0.001185
1057 1057 566 564 2e-06 0.001185
1058 1058 1082 566 0.00164 0.011299
1059 1059 1251 566 0.002647 0.018035
1060 1060 1474 568 2e-05 0.000138
1061 1061 1475 568 0.000395 0.002647
1062 1062 718 569 0.003259 0.021669
1063 1063 718 569 0.00324 0.021768
1064 1064 755 570 0.002351 0.011022
1065 1065 818 570 0.0032 0.015901
1066 1066 929 570 0.002252 0.015842
1067 1067 820 570 0.00132 0.013076
1068 1068 1185 570 0.005531 0.027042
1069 1069 1294 572 0.000138 0.000316
1070 1070 1125 574 0.009264 0.038696
1071 1071 1239 574 0.022084 0.061906
1072 1072 1355 574 0.017185 0.07921
1073 1073 1476 575 0.000296 0.001936
1074 1074 1493 578 0.00237 0.005748
1075 1075 1014 579 0.000336 0.002252
1076 1076 1239 580 0.011556 0.052998
1077 1077 1351 580 0.011299 0.057086
1078 1078 1012 581 0.002173 0.014519
1079 1079 701 582 0.026449 0.06568
1080 1080 753 582 0.012133 0.030178
1081 1081 644 584 0.000942 0.004946
1082 1082 769 584 0.008533 0.038716
1083 1083 772 584 0.002977 0.014748
1084 1084 1059 584 0.002483 0.016496
1085 1085 1162 584 0.004188 0.019082
1086 1086 1192 584 0.001742 0.01171
1087 1087 1251 584 0.001414 0.009527
1088 1088 976 585 0.008672 0.04002
1089 1089 1491 585 0.001237 0.005636
1090 1090 903 586 0.003062 0.020365
1091 1091 1219 586 0.000786 0.00524
1092 1092 1478 586 0.003615 0.024336
1093 1093 1220 586 0.001274 0.008486
1094 1094 679 587 0.001634 0.016835
1095 1095 979 587 0.000935 0.013565
1096 1096 1337 587 0.001434 0.01885
1097 1097 678 587 0.001634 0.016842
1098 1098 978 587 0.000934 0.013565
1099 1099 1337 587 0.001434 0.01885
1100 1100 1416 592 0.000111 0.001604
1101 1101 1416 593 0.000111 0.0016
1102 1102 1416 591 0.000111 0.0016
1103 1103 1416 589 0.000111 0.0016
1104 1104 1416 590 0.000111 0.001606
1105 1105 1416 588 0.000111 0.001616
1106 1106 820 594 0.000988 0.006953
1107 1107 610 598 0.005195 0.034528
1108 1108 1451 599 0.0013 0.005888
1109 1109 1450 600 0.001306 0.005912
1110 1110 1258 601 0.002094 0.013294
1111 1111 609 602 0.006499 0.043259
1112 1112 754 602 0.003737 0.037823
1113 1113 1458 602 0.001254 0.008365
1114 1114 1242 603 0.00247 0.027208
1115 1115 1365 603 0.001766 0.019792
1116 1116 664 605 0.000401 0.001817
1117 1117 1549 604 0.0032 0.014637
1118 1118 604 430 2e-05 0.000198
1119 1119 732 606 0.003401 0.022763
1120 1120 1403 606 0.004122 0.027542
1121 1121 1230 607 0.001817 0.008198
1122 1122 1515 607 0.001857 0.012504
1123 1123 744 609 0.002844 0.018884
1124 1124 570 611 4e-05 0.000375
1125 1125 570 612 5.9e-05 0.000395
1126 1126 570 613 5.9e-05 0.000454
1127 1127 791 615 0.000494 0.003319
1128 1128 1339 615 0.00318 0.016237
1129 1129 1545 615 0.003565 0.013003
1130 1130 648 615 0.001363 0.006104
1131 1131 791 615 0.000514 0.003496
1132 1132 791 615 0.000988 0.004879
1133 1133 1415 618 0.000356 0.003319
1134 1134 1414 617 0.00036 0.003356
1135 1135 1108 619 0.002844 0.018904
1136 1136 1236 619 0.001086 0.007289
1137 1137 1344 619 0.00308 0.020628
1138 1138 1236 619 0.001067 0.007289
1139 1139 1345 619 0.003022 0.020109
1140 1140 1344 619 0.003022 0.020168
1141 1141 1505 622 0.001705 0.010438
1142 1142 1345 624 0.001106 0.007546
1143 1143 607 625 0.000158 0.001343
1144 1144 647 626 0.002264 0.015056
1145 1145 1042 626 0.002173 0.014617
1146 1146 1119 626 0.000375 0.002509
1147 1147 1415 626 0.001746 0.011648
1148 1148 1422 626 0.000909 0.00478
1149 1149 1462 626 0.001936 0.011239
1150 1150 1414 626 0.001738 0.011635
1151 1151 1423 626 0.000751 0.004148
1152 1152 1414 626 0.001679 0.01122
1153 1153 756 629 0.000381 0.000697
1154 1154 672 632 0.000158 0.000593
1155 1155 807 632 0.000336 0.001304
1156 1156 848 632 4e-05 0.000237
1157 1157 1135 632 0.000296 0.002667
1158 1158 671 632 0.000362 0.000664
1159 1159 1136 632 0.000435 0.001659
1160 1160 638 633 2e-05 0.000198
1161 1161 1033 633 0.000237 0.002272
1162 1162 1033 633 0.000257 0.002449
1163 1163 637 633 2e-05 0.000198
1164 1164 639 635 1e-05 0.0001
1165 1165 1110 635 0.001143 0.011399
1166 1166 1110 635 0.001087 0.012375
1167 1167 884 640 0.000879 0.0037
1168 1168 1480 640 0.000533 0.003556
1169 1169 883 640 0.000869 0.003437
1170 1170 1482 641 0.000316 0.002153
1171 1171 1481 642 0.000316 0.002153
1172 1172 737 643 4e-05 0.000237
1173 1173 709 645 0.000852 0.008636
1174 1174 1395 645 0.001288 0.013033
1175 1175 1483 646 2e-05 0.000198
1176 1176 738 647 0.001541 0.010291
1177 1177 1129 647 0.000178 0.001225
1178 1178 1415 647 0.002489 0.016612
1179 1179 1549 647 0.002805 0.01282
1180 1180 738 647 0.001541 0.010252
1181 1181 1529 647 0.000158 0.001106
1182 1182 1339 648 0.00243 0.01357
1183 1183 1506 650 0.001402 0.005452
1184 1184 733 651 0.00214 0.024723
1185 1185 890 651 0.00338 0.034294
1186 1186 911 651 0.000229 0.002465
1187 1187 1375 651 0.000561 0.006198
1188 1188 891 651 0.00338 0.034294
1189 1189 783 652 0.008535 0.038929
1190 1190 816 652 0.001106 0.005136
1191 1191 1015 654 0.003081 0.020109
1192 1192 1495 654 0.000533 0.003536
1193 1193 1344 656 0.001067 0.004306
1194 1194 1345 655 0.001067 0.004306
1195 1195 1517 657 0.006444 0.012667
1196 1196 744 658 0.001936 0.01284
1197 1197 1458 658 0.001363 0.015427
1198 1198 1484 659 0.000233 0.00156
1199 1199 631 660 0.000691 0.003852
1200 1200 640 660 0.000454 0.003121
1201 1201 1419 660 0.001896 0.011022
1202 1202 630 660 0.000514 0.002331
1203 1203 640 660 0.000474 0.003101
1204 1204 1418 660 0.002272 0.011062
1205 1205 917 663 5.9e-05 0.000988
1206 1206 1316 663 5.9e-05 0.001126
1207 1207 1315 662 5.9e-05 0.001047
1208 1208 1352 665 0.00081 0.008193
1209 1209 728 666 0.002528 0.016731
1210 1210 799 666 4.8e-05 8.8e-05
1211 1211 976 666 0.008988 0.060563
1212 1212 746 668 0.002193 0.014716
1213 1213 926 668 0.001323 0.00883
1214 1214 1096 669 0.001481 0.007072
1215 1215 1185 669 0.001956 0.013136
1216 1216 718 670 0.011 0.056595
1217 1217 1476 673 0.000691 0.004563
1218 1218 1206 674 0.002449 0.016336
1219 1219 1485 674 0.006461 0.021728
1220 1220 1206 674 0.002568 0.017146
1221 1221 1271 675 0.000457 0.005035
1222 1222 811 676 0.003 0.013517
1223 1223 1486 676 0.003812 0.013017
1224 1224 748 680 0.021422 0.075067
1225 1225 815 680 0.0252 0.085911
1226 1226 687 683 2e-06 0.001185
1227 1227 687 684 2e-06 0.001185
1228 1228 687 681 2e-06 0.001185
1229 1229 687 682 2e-06 0.001185
1230 1230 687 686 2e-06 0.001244
1231 1231 687 685 2e-06 0.001185
1232 1232 926 687 0.002449 0.011141
1233 1233 1179 687 0.000672 0.003141
1234 1234 1314 690 5.9e-05 0.000198
1235 1235 1314 691 4e-05 0.000198
1236 1236 892 693 8e-05 0.000147
1237 1237 892 692 8.7e-05 0.00016
1238 1238 1491 694 0.00019 0.00062
1239 1239 740 695 0.003062 0.020365
1240 1240 785 695 0.000435 0.002607
1241 1241 785 696 0.000494 0.002923
1242 1242 849 697 0.00239 0.015842
1243 1243 869 697 0.002765 0.018548
1244 1244 1246 697 0.005539 0.038098
1245 1245 1366 697 0.005116 0.034252
1246 1246 1484 697 0.004306 0.019919
1247 1247 1252 698 0.007802 0.036069
1248 1248 1498 698 0.000257 0.00164
1249 1249 1535 698 0.005077 0.023921
1250 1250 837 700 0.000514 0.0048
1251 1251 1490 699 2e-05 0.000198
1252 1252 1507 701 0.010533 0.0368
1253 1253 975 702 0.011206 0.050285
1254 1254 1493 707 2e-05 0.000198
1255 1255 957 1833 0.001975 0.013235
1256 1256 1118 1833 0.001284 0.00879
1257 1257 1394 709 0.002119 0.02151
1258 1258 1051 710 0.011536 0.054933
1259 1259 1267 711 0.001136 0.014935
1260 1260 1267 711 0.001136 0.014935
1261 1261 1441 712 0.003996 0.027473
1262 1262 1452 712 0.007111 0.048909
1263 1263 966 713 0.000124 0.001383
1264 1264 1004 713 0.001047 0.006953
1265 1265 1066 713 9.9e-05 0.000277
1266 1266 1170 713 0.003417 0.022696
1267 1267 1065 713 9.9e-05 0.000336
1268 1268 1064 713 4e-05 9.9e-05
1269 1269 718 715 0.004484 0.021195
1270 1270 1035 715 0.00324 0.014894
1271 1271 946 716 0.017133 0.054926
1272 1272 783 717 0.002143 0.014358
1273 1273 1355 718 0.00403 0.018054
1274 1274 1355 718 0.004484 0.021156
1275 1275 1352 719 0.000557 0.007335
1276 1276 955 725 0.000158 0.000289
1277 1277 955 723 0.000116 0.000212
1278 1278 955 724 0.000123 0.000226
1279 1279 734 726 0.001327 0.008873
1280 1280 1384 726 0.002291 0.01521
1281 1281 1494 727 0.000179 0.000327
1282 1282 1127 728 0.001244 0.008296
1283 1283 1528 729 0.010667 0.034444
1284 1284 1114 730 0.009857 0.066884
1285 1285 1327 730 0.000632 0.003931
1286 1286 1329 730 0.002153 0.009758
1287 1287 1240 731 0.003279 0.022637
1288 1288 1497 732 0.001932 0.012802
1289 1289 874 733 0.00063 0.006413
1290 1290 1496 734 0.000593 0.003951
1291 1291 807 735 0.000198 0.001699
1292 1292 1449 736 0.010444 0.032756
1293 1293 1412 737 0.000296 0.001758
1294 1294 1548 737 0.000356 0.002054
1295 1295 1523 737 0.006696 0.029985
1296 1296 802 739 0.000222 0.002327
1297 1297 851 739 0.001565 0.020568
1298 1298 1537 739 0.000914 0.009875
1299 1299 792 739 0.001641 0.021544
1300 1300 802 739 0.000229 0.002313
1301 1301 851 739 0.001558 0.020568
1302 1302 792 739 0.001634 0.021503
1303 1303 785 740 0.003378 0.02242
1304 1304 801 745 0.003826 0.018665
1305 1305 822 745 0.00077 0.003536
1306 1306 1246 745 0.005037 0.034785
1307 1307 801 745 0.003615 0.01762
1308 1308 823 745 0.000711 0.004583
1309 1309 1179 746 0.002726 0.018193
1310 1310 1288 746 0.002596 0.01165
1311 1311 1179 746 0.002726 0.018193
1312 1312 1191 748 0.004507 0.013102
1313 1313 1507 748 0.012933 0.044356
1314 1314 1511 748 0.002711 0.008889
1315 1315 1256 750 0.002252 0.010509
1316 1316 1362 750 0.008 0.03998
1317 1317 987 751 0.000109 0.000494
1318 1318 1338 752 0.005827 0.02703
1319 1319 973 753 0.006409 0.016431
1320 1320 1486 754 0.001956 0.020958
1321 1321 1499 757 5.9e-05 0.000435
1322 1322 894 758 0.000336 0.001225
1323 1323 1105 758 0.000138 0.00079
1324 1324 1372 758 0.000138 0.000889
1325 1325 964 759 0.001041 0.006967
1326 1326 943 760 0.009067 0.029116
1327 1327 1127 761 0.000701 0.004599
1328 1328 1127 761 0.000705 0.00463
1329 1329 1121 762 0.001956 0.008691
1330 1330 933 763 0.012496 0.043621
1331 1331 989 763 0.018805 0.069215
1332 1332 992 763 0.012306 0.062598
1333 1333 933 763 0.00717 0.042726
1334 1334 1180 764 0.001627 0.017031
1335 1335 1324 765 0.000257 0.000612
1336 1336 1323 765 0.000237 0.000553
1337 1337 1838 765 0.000237 0.000553
1338 1338 1202 767 0.005017 0.033521
1339 1339 1238 768 0.001679 0.007526
1340 1340 880 769 2e-06 0.001185
1341 1341 1162 769 0.004326 0.019694
1342 1342 1403 769 0.003338 0.015091
1343 1343 877 769 2e-06 0.001185
1344 1344 1403 769 0.003338 0.015091
1345 1345 878 769 2e-06 0.001185
1346 1346 827 770 0.000138 0.000593
1347 1347 976 771 0.007723 0.032119
1348 1348 1125 771 0.009541 0.039585
1349 1349 831 772 0.001519 0.010582
1350 1350 1059 772 0.002216 0.014805
1351 1351 830 772 0.001529 0.010637
1352 1352 1059 772 0.002206 0.014728
1353 1353 1163 774 0.000457 0.006025
1354 1354 1367 774 0.001856 0.025166
1355 1355 853 775 0.014914 0.055309
1356 1356 1342 775 0.009383 0.042607
1357 1357 1260 776 0.002597 0.020332
1358 1358 1260 776 0.001932 0.021399
1359 1359 1500 777 0.000198 0.000909
1360 1360 1501 778 0.001106 0.007328
1361 1361 1487 779 0.071454 0.242605
1362 1362 1513 779 0.022525 0.13933
1363 1363 946 779 0.068531 0.219955
1364 1364 975 783 0.015488 0.067417
1365 1365 1193 785 0.005985 0.041383
1366 1366 1544 785 0.000243 0.001614
1367 1367 958 788 0.003737 0.024798
1368 1368 1434 788 0.000869 0.005886
1369 1369 1384 790 0.000514 0.004247
1370 1370 1502 789 5.9e-05 0.000474
1371 1371 953 791 0.004286 0.020405
1372 1372 1032 791 0.007625 0.035378
1373 1373 1032 793 0.001146 0.005551
1374 1374 1359 794 0.008296 0.038795
1375 1375 1006 795 0.00528 0.029102
1376 1376 1225 796 9.9e-05 0.001007
1377 1377 1225 797 0.000119 0.001067
1378 1378 1044 798 0.000395 0.001126
1379 1379 1435 800 0.000849 0.003812
1380 1380 1075 802 7.6e-05 0.000554
1381 1381 1076 802 7.6e-05 0.000554
1382 1382 1077 802 7.6e-05 0.000554
1383 1383 1078 802 7.6e-05 0.000568
1384 1384 1503 803 1.5e-05 9.9e-05
1385 1385 1504 804 0.000277 0.001244
1386 1386 1267 805 0.000499 0.006557
1387 1387 1295 805 0.000298 0.003019
1388 1388 1267 805 0.000505 0.006637
1389 1389 1295 805 0.000298 0.003012
1390 1390 1267 805 0.000499 0.006557
1391 1391 1267 805 0.000499 0.006557
1392 1392 873 806 0.000158 0.001284
1393 1393 995 806 0.000178 0.001521
1394 1394 1505 808 1.5e-05 9.9e-05
1395 1395 1506 809 0.000158 0.000652
1396 1396 1183 810 0.002983 0.020385
1397 1397 1190 810 0.005136 0.034548
1398 1398 819 812 0.001323 0.008824
1399 1399 972 813 0.000731 0.00484
1400 1400 1354 813 0.002884 0.018686
1401 1401 1510 813 0.001817 0.012168
1402 1402 909 813 0.002785 0.018884
1403 1403 972 813 0.00077 0.005136
1404 1404 1525 813 0.003121 0.020859
1405 1405 972 813 0.000731 0.00482
1406 1406 968 814 9.7e-05 0.00097
1407 1407 1290 814 0.001468 0.014903
1408 1408 1426 814 0.00036 0.003636
1409 1409 970 814 9.7e-05 0.00097
1410 1410 1291 814 0.001461 0.014785
1411 1411 1386 814 0.001247 0.012673
1412 1412 969 814 9.7e-05 0.000983
1413 1413 971 814 9.7e-05 0.001025
1414 1414 1005 815 0.006889 0.018756
1415 1415 1321 817 0.001644 0.005778
1416 1416 825 820 0.011753 0.05438
1417 1417 844 820 0.00083 0.008375
1418 1418 1011 820 0.00241 0.016435
1419 1419 1241 818 0.007585 0.028128
1420 1420 1349 819 0.000652 0.005946
1421 1421 1479 818 0.000632 0.004346
1422 1422 843 818 0.000869 0.008514
1423 1423 1349 818 0.000632 0.00559
1424 1424 841 824 0.007862 0.038716
1425 1425 1012 824 0.001719 0.00881
1426 1426 1125 827 0.014262 0.067397
1427 1427 1218 827 0.021077 0.088869
1428 1428 1233 827 0.00016 0.000755
1429 1429 1041 829 0.00065 0.008537
1430 1430 1507 832 0.000347 0.000813
1431 1431 837 834 4e-05 0.000198
1432 1432 836 833 2e-05 0.000198
1433 1433 1165 836 0.000138 0.019753
1434 1434 1188 836 0.000494 0.003002
1435 1435 1411 835 0.002726 0.013728
1436 1436 1512 837 0.000356 0.003358
1437 1437 1165 835 9.9e-05 0.000198
1438 1438 1188 836 0.000514 0.003101
1439 1439 1490 836 0.000909 0.006005
1440 1440 1395 839 0.000166 0.002749
1441 1441 1448 838 0.001004 0.010997
1442 1442 1394 838 0.000159 0.002701
1443 1443 1112 842 0.000395 0.002686
1444 1444 929 844 0.000316 0.002351
1445 1445 954 844 0.000512 0.001327
1446 1446 1021 845 0.001146 0.008296
1447 1447 1266 846 0.000711 0.00324
1448 1448 1027 847 0.001857 0.008435
1449 1449 1279 847 0.002647 0.013254
1450 1450 1385 848 0.001146 0.010923
1451 1451 1385 848 0.001185 0.010844
1452 1452 1367 851 0.000852 0.011233
1453 1453 1368 851 0.000852 0.011226
1454 1454 1150 857 0.001101 0.012181
1455 1455 1240 858 0.003356 0.026424
1456 1456 1348 859 0.000573 0.003832
1457 1457 1432 859 0.003615 0.025225
1458 1458 864 862 2.1e-05 0.000127
1459 1459 1126 862 0.000111 0.001932
1460 1460 863 862 2.1e-05 0.000127
1461 1461 1508 866 2e-05 0.000198
1462 1462 1509 867 2e-05 0.000198
1463 1463 872 868 0.003461 0.013896
1464 1464 1223 869 0.003793 0.012227
1465 1465 959 870 0.001462 0.006677
1466 1466 1262 870 0.001231 0.008198
1467 1467 1518 870 0.000865 0.005772
1468 1468 1262 870 0.002588 0.015862
1469 1469 976 871 0.011804 0.05293
1470 1470 1163 874 0.001101 0.012445
1471 1471 1181 874 0.0009 0.007479
1472 1472 1375 874 0.002209 0.024924
1473 1473 1180 874 0.0009 0.00741
1474 1474 1510 875 0.000395 0.002607
1475 1475 1374 876 0.01022 0.054673
1476 1476 1465 876 0.003488 0.015777
1477 1477 897 881 0.029978 0.100778
1478 1478 849 885 0.001025 0.008148
1479 1479 887 886 4.3e-05 9e-05
1480 1480 1156 887 0.00079 0.003931
1481 1481 1393 887 0.001442 0.006696
1482 1482 966 888 3.6e-05 9.3e-05
1483 1483 967 889 2.8e-05 0.000277
1484 1484 1361 891 0.001734 0.018573
1485 1485 1365 891 0.002181 0.031662
1486 1486 1448 890 0.001711 0.017313
1487 1487 1365 890 0.002181 0.031648
1488 1488 995 892 0.000198 0.000652
1489 1489 1124 892 0.000316 0.001442
1490 1490 995 892 0.000237 0.001422
1491 1491 1123 892 0.000257 0.001007
1492 1492 1387 896 0.003319 0.022716
1493 1493 921 897 0.024307 0.078747
1494 1494 1356 898 3.4e-05 9.4e-05
1495 1495 1376 898 0.003297 0.021902
1496 1496 1056 899 0.001496 0.014148
1497 1497 1302 899 0.000942 0.009536
1498 1498 1056 899 0.001496 0.014148
1499 1499 1302 899 0.000942 0.009536
1500 1500 1232 900 0.000277 0.000632
1501 1501 1232 901 0.000395 0.000731
1502 1502 1206 902 0.000178 0.000928
1503 1503 1413 904 0.012247 0.044385
1504 1504 1272 903 9.9e-05 0.000988
1505 1505 923 905 0.006918 0.046044
1506 1506 1104 906 0.000158 0.000289
1507 1507 1105 907 0.000145 0.000265
1508 1508 1511 908 0.000222 0.000711
1509 1509 1510 909 0.000968 0.00644
1510 1510 962 913 0.000229 0.000419
1511 1511 962 914 0.000229 0.000419
1512 1512 962 912 0.000284 0.00052
1513 1513 1306 917 4e-05 0.001086
1514 1514 1311 917 5.9e-05 0.001047
1515 1515 1184 918 0.009007 0.043872
1516 1516 1238 918 0.002738 0.018562
1517 1517 1503 918 0.002078 0.008442
1518 1518 998 920 2.8e-05 0.000172
1519 1519 1264 921 0.020569 0.065387
1520 1520 1130 922 0.000126 0.000261
1521 1521 1203 923 0.00083 0.003931
1522 1522 1360 923 0.002825 0.018943
1523 1523 1362 923 0.003338 0.019161
1524 1524 1204 923 0.00083 0.003832
1525 1525 1360 923 0.002588 0.017264
1526 1526 1232 924 0.000356 0.000988
1527 1527 1392 925 0.002568 0.011358
1528 1528 1512 925 0.000454 0.00399
1529 1529 1392 925 0.000909 0.007901
1530 1530 928 926 2e-06 0.001185
1531 1531 927 926 2e-06 0.001185
1532 1532 1222 930 0.000425 0.001934
1533 1533 1125 931 0.005798 0.039696
1534 1534 1541 931 0.004938 0.033165
1535 1535 1834 933 0.001058 0.001937
1536 1536 1170 938 0.001027 0.012543
1537 1537 1238 938 0.006935 0.036516
1538 1538 1170 938 0.001798 0.012089
1539 1539 985 938 4.8e-05 8.8e-05
1540 1540 984 938 4.8e-05 8.8e-05
1541 1541 1040 939 0.005906 0.026627
1542 1542 1040 940 0.005906 0.026627
1543 1543 981 943 0.004573 0.020316
1544 1544 1280 944 0.002825 0.019239
1545 1545 1513 946 0.030738 0.075586
1546 1546 1239 947 0.007723 0.044444
1547 1547 1225 948 0.001659 0.011575
1548 1548 1225 948 0.001659 0.011575
1549 1549 951 950 2.1e-05 0.000339
1550 1550 952 950 2.1e-05 0.000325
1551 1551 1176 953 0.004741 0.022124
1552 1552 1275 955 0.000198 0.000751
1553 1553 1118 957 0.002133 0.009659
1554 1554 1149 958 0.002438 0.016458
1555 1555 1149 958 0.00243 0.016454
1556 1556 1154 959 0.000356 0.001422
1557 1557 1391 961 0.000616 0.006627
1558 1558 1105 962 0.000776 0.004612
1559 1559 1431 962 0.000119 0.000691
1560 1560 1430 962 0.000119 0.000711
1561 1561 1471 962 0.001126 0.005965
1562 1562 1373 965 0.032364 0.095227
1563 1563 1055 966 0.001993 0.020458
1564 1564 1055 966 0.001993 0.020472
1565 1565 991 972 0.002686 0.018173
1566 1566 1202 972 0.005748 0.03836
1567 1567 1239 974 0.000277 0.002588
1568 1568 1145 976 0.002647 0.011911
1569 1569 1173 980 0.001659 0.011081
1570 1570 1173 980 0.002509 0.011319
1571 1571 1157 982 0.000928 0.006183
1572 1572 1536 982 0.000217 0.001481
1573 1573 1546 983 7e-06 0.00013
1574 1574 1171 987 0.000111 0.000741
1575 1575 1358 987 0.001857 0.008375
1576 1576 1172 987 9.9e-05 0.000711
1577 1577 1209 988 0.000198 0.000909
1578 1578 1103 992 0.013274 0.060326
1579 1579 995 993 2e-05 0.000198
1580 1580 995 994 2e-05 0.000198
1581 1581 1407 996 0.004701 0.030064
1582 1582 1155 998 0.001343 0.007862
1583 1583 1254 999 2.8e-05 0.000145
1584 1584 1516 1000 5e-06 0.0001
1585 1585 1000 431 1e-05 0.0001
1586 1586 1517 1001 9.9e-05 0.000182
1587 1587 1496 1002 0.00073 0.001335
1588 1588 976 1003 0.018038 0.057792
1589 1589 1489 1003 0.001798 0.004543
1590 1590 1195 1008 8e-06 0.0001
1591 1591 1194 1008 8e-06 0.0001
1592 1592 1221 1010 0.000909 0.003299
1593 1593 956 1014 0.002627 0.017284
1594 1594 1157 1014 0.002272 0.011239
1595 1595 1164 1013 0.002574 0.013541
1596 1596 1292 1012 0.001817 0.012207
1597 1597 1410 1012 0.000375 0.002509
1598 1598 1477 1013 0.000356 0.002311
1599 1599 1494 1015 0.003081 0.020089
1600 1600 1839 1015 0.000375 0.002528
1601 1601 1438 1014 0.001798 0.010133
1602 1602 1164 1014 0.00097 0.009481
1603 1603 1468 1012 0.001067 0.007091
1604 1604 1440 1013 0.000751 0.007423
1605 1605 1467 1012 0.001067 0.007091
1606 1606 949 1018 0.00099 0.007576
1607 1607 1158 1017 0.000298 0.003262
1608 1608 1281 1017 0.000561 0.006288
1609 1609 1282 1017 0.000554 0.006163
1610 1610 1281 1018 0.000382 0.005002
1611 1611 1282 1018 0.000381 0.005
1612 1612 1394 1018 0.000547 0.006046
1613 1613 1107 1022 0.006262 0.043595
1614 1614 1303 1022 0.001659 0.011022
1615 1615 1453 1022 0.002744 0.018746
1616 1616 1303 1022 0.001659 0.011042
1617 1617 1054 1024 0.003694 0.02481
1618 1618 1108 1024 0.002963 0.019793
1619 1619 1143 1024 0.002647 0.017659
1620 1620 1345 1024 0.00719 0.033264
1621 1621 1121 1027 0.003457 0.015704
1622 1622 1269 1027 0.00164 0.021709
1623 1623 1192 1028 2e-05 9.9e-05
1624 1624 1251 1028 0.000435 0.002878
1625 1625 1146 1029 0.003931 0.020365
1626 1626 1199 1029 0.002805 0.012484
1627 1627 1193 1030 0.007309 0.049876
1628 1628 1285 1031 0.006044 0.042114
1629 1629 1054 1033 0.000612 0.004128
1630 1630 1140 1033 0.001225 0.006854
1631 1631 1143 1033 0.001738 0.011615
1632 1632 932 1035 0.001059 0.003597
1633 1633 1095 1035 0.009699 0.044839
1634 1634 1231 1035 0.001426 0.009276
1635 1635 1265 1035 0.014143 0.064395
1636 1636 1351 1035 0.003502 0.02318
1637 1637 1351 1035 0.004543 0.024889
1638 1638 1518 1036 2e-05 9.8e-05
1639 1639 1519 1037 2e-05 0.000198
1640 1640 1520 1038 5.9e-05 0.000356
1641 1641 1522 1039 0.001126 0.005037
1642 1642 1205 1040 0.004642 0.030854
1643 1643 1427 1040 0.001578 0.010526
1644 1644 1521 1040 0.000119 0.000889
1645 1645 1262 1043 0.001351 0.008986
1646 1646 1444 1044 0.001027 0.006123
1647 1647 1523 1049 0.000194 0.000624
1648 1648 1463 1050 0.001146 0.007625
1649 1649 1047 1052 9.9e-05 0.000198
1650 1650 1046 1052 9.9e-05 0.000198
1651 1651 1273 1051 9.9e-05 0.000988
1652 1652 1045 1052 0.000111 0.000223
1653 1653 1121 1053 0.003477 0.023822
1654 1654 1100 1054 0.000324 0.000992
1655 1655 1170 1055 0.00081 0.005472
1656 1656 1170 1055 0.000751 0.005057
1657 1657 1271 1056 0.001884 0.019197
1658 1658 1271 1056 0.001891 0.019134
1659 1659 1457 1058 0.001462 0.009817
1660 1660 1341 1061 0.000237 0.001501
1661 1661 1282 1062 0.000402 0.005242
1662 1662 1281 1062 0.000402 0.005242
1663 1663 1331 1070 5.9e-05 0.001047
1664 1664 1317 1069 5.9e-05 0.001126
1665 1665 1313 1070 5.9e-05 0.001126
1666 1666 1164 1074 0.000366 0.000669
1667 1667 1164 1073 0.000352 0.000645
1668 1668 1326 1079 0.003121 0.020997
1669 1669 1501 1079 0.004602 0.0208
1670 1670 1368 1080 0.002694 0.028476
1671 1671 1403 1081 0.000751 0.003417
1672 1672 1085 1082 2e-06 0.001185
1673 1673 1083 1082 2e-06 0.001185
1674 1674 1084 1082 2e-06 0.001185
1675 1675 1525 1086 0.00083 0.005491
1676 1676 1188 1088 0.000375 0.001422
1677 1677 1188 1087 0.000395 0.001422
1678 1678 1222 1089 0.000494 0.002963
1679 1679 1329 1093 0.000435 0.0016
1680 1680 1329 1093 0.000435 0.00162
1681 1681 1265 1095 0.006499 0.029472
1682 1682 1304 1096 0.004879 0.022479
1683 1683 1527 1098 9.9e-05 0.000573
1684 1684 1526 1097 0.000138 0.000435
1685 1685 1121 1101 0.002943 0.019773
1686 1686 1207 1101 0.001679 0.011101
1687 1687 1519 1103 0.006301 0.028622
1688 1688 1393 1104 0.002746 0.014183
1689 1689 1392 1105 0.002469 0.013827
1690 1690 1472 1104 0.002094 0.010607
1691 1691 1459 1106 0.009323 0.046598
1692 1692 1453 1107 0.004425 0.029349
1693 1693 1425 1108 0.0032 0.021472
1694 1694 1290 1110 0.000824 0.008373
1695 1695 1299 1110 0.001211 0.017571
1696 1696 1291 1110 0.000824 0.008373
1697 1697 1299 1110 0.001205 0.017438
1698 1698 1237 1113 0.021244 0.060489
1699 1699 1538 1114 0.000553 0.003793
1700 1700 1173 1115 0.007546 0.034173
1701 1701 1528 1120 0.009156 0.040044
1702 1702 1142 1121 0.000928 0.004148
1703 1703 1217 1121 0.002844 0.018627
1704 1704 1485 1121 0.00257 0.017083
1705 1705 1161 1125 0.009936 0.040059
1706 1706 1454 1125 0.001679 0.011062
1707 1707 1491 1125 0.004958 0.022716
1708 1708 1534 1125 0.000178 0.00077
1709 1709 1530 1132 0.000237 0.001541
1710 1710 1385 1135 0.000948 0.009185
1711 1711 1385 1136 0.000889 0.008652
1712 1712 1366 1139 0.001738 0.011595
1713 1713 1425 1140 0.008652 0.039447
1714 1714 1532 1141 0.001067 0.004346
1715 1715 1322 1144 0.008332 0.037879
1716 1716 1304 1145 0.008774 0.031285
1717 1717 1533 1146 0.002311 0.015467
1718 1718 1534 1147 0.001264 0.005136
1719 1719 1534 1147 0.001264 0.005136
1720 1720 1173 1148 0.005886 0.031546
1721 1721 1363 1148 0.011239 0.050647
1722 1722 1434 1149 0.001817 0.012089
1723 1723 1535 1151 5.9e-05 0.000403
1724 1724 1357 1152 0.000316 0.001936
1725 1725 1170 1153 0.000221 0.001357
1726 1726 1262 1154 0.003818 0.024421
1727 1727 1548 1155 0.00162 0.009284
1728 1728 1393 1156 0.001956 0.009146
1729 1729 1477 1157 0.001837 0.008988
1730 1730 1536 1157 0.000672 0.004543
1731 1731 1395 1158 0.000242 0.002735
1732 1732 1536 1160 0.000237 0.000494
1733 1733 1232 1164 0.000316 0.001132
1734 1734 1232 1164 0.000316 0.001132
1735 1735 1438 1164 0.000563 0.003372
1736 1736 1440 1164 0.000211 0.002058
1737 1737 1296 1173 0.002746 0.018746
1738 1738 1543 1173 0.003002 0.015052
1739 1739 1365 1174 0.002043 0.022929
1740 1740 1383 1174 0.000776 0.008497
1741 1741 1537 1177 1e-05 0.0001
1742 1742 1483 1179 0.003121 0.014183
1743 1743 1437 1184 0.003099 0.020113
1744 1744 1532 1184 0.002528 0.016672
1745 1745 1406 1185 0.001679 0.011397
1746 1746 1228 1188 0.00077 0.001659
1747 1747 1544 1193 0.005628 0.038669
1748 1748 1334 1836 0.000652 0.001244
1749 1749 1357 1197 0.00083 0.002588
1750 1750 1388 1196 0.000395 0.002291
1751 1751 1509 1196 0.001659 0.011062
1752 1752 1238 1198 0.009956 0.035773
1753 1753 1503 1198 0.002102 0.008286
1754 1754 1532 1198 0.001185 0.008
1755 1755 1252 1199 0.00371 0.01789
1756 1756 1366 1199 0.001428 0.019629
1757 1757 1533 1199 0.001244 0.016316
1758 1758 1535 1199 0.006728 0.030596
1759 1759 1368 1200 0.000471 0.006184
1760 1760 1208 1206 0.006084 0.023072
1761 1761 1518 1208 0.004454 0.01571
1762 1762 1538 1210 0.000375 0.001679
1763 1763 1528 1211 0.019867 0.059067
1764 1764 1353 1214 2.8e-05 0.000409
1765 1765 1353 1213 2.8e-05 0.000422
1766 1766 1397 1215 0.010667 0.052109
1767 1767 1238 1217 0.003931 0.026686
1768 1768 1442 1222 0.000415 0.002785
1769 1769 1484 1223 0.001225 0.005981
1770 1770 1366 1222 0.002133 0.014289
1771 1771 1473 1223 0.000474 0.003149
1772 1772 1461 1224 0.000644 0.002929
1773 1773 1366 1225 0.000849 0.005728
1774 1774 1366 1225 0.000849 0.005728
1775 1775 1366 1225 0.000435 0.002963
1776 1776 1539 1226 5.9e-05 0.000336
1777 1777 1540 1229 0.003927 0.026153
1778 1778 1351 1231 0.002035 0.014025
1779 1779 1325 1232 0.000237 0.00083
1780 1780 1358 1235 0.000454 0.002114
1781 1781 1358 1234 0.000454 0.002114
1782 1782 1522 1238 0.002627 0.017778
1783 1783 1541 1239 0.001462 0.010114
1784 1784 1365 1243 0.002749 0.039259
1785 1785 1251 1247 2e-06 0.001185
1786 1786 1251 1250 2e-06 0.001185
1787 1787 1251 1249 2e-06 0.001185
1788 1788 1251 1248 2e-06 0.001185
1789 1789 1439 1253 0.006533 0.022267
1790 1790 1449 1253 0.017067 0.058356
1791 1791 1541 1255 1.4e-05 9.9e-05
1792 1792 1530 1256 0.002807 0.014445
1793 1793 1184 1258 0.006933 0.033403
1794 1794 1474 1259 0.001383 0.009343
1795 1795 1475 1259 0.001027 0.006815
1796 1796 1542 1261 5.9e-05 0.000296
1797 1797 1271 1263 0.00141 0.020003
1798 1798 1271 1263 0.00141 0.02
1799 1799 1506 1265 0.006696 0.028583
1800 1800 1278 1267 0.000194 0.00255
1801 1801 1277 1267 0.000194 0.00255
1802 1802 1377 1270 0.005709 0.036049
1803 1803 1377 1270 0.005748 0.036247
1804 1804 1320 1271 0.000893 0.008663
1805 1805 1546 1271 0.001707 0.022772
1806 1806 1320 1271 0.000893 0.008663
1807 1807 1320 1271 0.00117 0.010658
1808 1808 1320 1271 0.000409 0.006946
1809 1809 1320 1271 0.000409 0.006946
1810 1810 1299 1278 0.001015 0.014744
1811 1811 1299 1277 0.001018 0.014778
1812 1812 1515 1285 0.008119 0.054084
1813 1813 1339 1286 0.001067 0.004899
1814 1814 1520 1286 0.000119 0.00077
1815 1815 1543 1297 0.001244 0.006301
1816 1816 1463 1298 0.000612 0.004069
1817 1817 1376 1301 0.004464 0.030933
1818 1818 1331 1308 4e-05 0.000968
1819 1819 1545 1309 2e-05 0.000198
1820 1820 1545 1310 2e-05 0.000198
1821 1821 1331 1318 5.9e-05 0.001047
1822 1822 1341 1326 0.010815 0.050299
1823 1823 1504 1329 0.002509 0.015921
1824 1824 1392 1333 0.000316 0.001971
1825 1825 1393 1332 0.000245 0.00302
1826 1826 1520 1339 0.000356 0.00241
1827 1827 1547 1340 0.000375 0.004741
1828 1828 1425 1344 0.002825 0.012998
1829 1829 1435 1348 0.001481 0.006696
1830 1830 1390 1353 0.000561 0.005658
1831 1831 1391 1353 0.000561 0.005665
1832 1832 1420 1358 0.001501 0.010023
1833 1833 1457 1360 0.002029 0.013533
1834 1834 1537 1361 0.000693 0.007389
1835 1835 1459 1364 0.010864 0.050469
1836 1836 1442 1366 0.001719 0.011457
1837 1837 1514 1366 0.00079 0.00798
1838 1838 1473 1366 0.001434 0.009559
1839 1839 1380 1374 0.004186 0.02786
1840 1840 1476 1374 0.002173 0.014242
1841 1841 1498 1374 0.004109 0.027417
1842 1842 1540 1374 0.001106 0.007407
1843 1843 1516 1382 0.000247 0.003489
1844 1844 1388 1384 0.00083 0.007052
1845 1845 1446 1385 0.000731 0.003121
1846 1846 1496 1384 0.001025 0.006888
1847 1847 1508 1384 0.000553 0.003595
1848 1848 1509 1384 0.000533 0.003575
1849 1849 1527 1384 0.000849 0.00796
1850 1850 1445 1385 0.000731 0.003121
1851 1851 1526 1385 0.000849 0.008237
1852 1852 1502 1385 0.000375 0.003733
1853 1853 1475 1387 0.004109 0.027911
1854 1854 1431 1392 0.001916 0.009323
1855 1855 1512 1392 0.000514 0.004859
1856 1856 1430 1392 0.002212 0.010114
1857 1857 1471 1392 0.000948 0.004602
1858 1858 1472 1393 0.000909 0.004385
1859 1859 1402 1400 2e-06 0.001185
1860 1860 1402 1399 2e-06 0.001185
1861 1861 1403 1398 2e-06 0.001185
1862 1862 1421 1416 0.001127 0.014433
1863 1863 1549 1424 0.000217 0.000988
1864 1864 1511 1429 0.002756 0.007867
1865 1865 1493 1454 0.000356 0.00241
1866 1866 1538 1522 0.000691 0.004681
1867 1867 4 6 0.003556 0.120296
1868 1868 6 1576 0.00018 -0.006163
1869 1869 5 1599 0.00018 -0.006163
1870 1870 8 1576 0.000291 0.030817
1871 1871 8 1599 0.000291 0.030817
1872 1872 36 37 0.000332 0.025
1873 1873 2050 1551 0.001787 0.084695
1874 1874 39 1551 0.000145 -0.006302
1875 1875 39 1600 0.000125 -0.006787
1876 1876 40 1551 0.000194 0.031302
1877 1877 40 1600 0.000215 0.031995
1878 1878 53 54 0.000665 0.048338
1879 1879 53 54 0.000783 0.039612
1880 1880 68 70 0.000346 0.025139
1881 1881 68 70 0.000339 0.024931
1882 1882 69 70 0.000339 0.024931
1883 1883 76 77 0.000803 0.042452
1884 1884 85 86 0.000734 0.045014
1885 1885 85 86 0.000727 0.044668
1886 1886 107 108 0.000803 0.03892
1887 1887 107 108 0.000845 0.03982
1888 1888 107 1601 0.000374 -0.009003
1889 1889 108 1601 0.000471 0.048892
1890 1890 115 117 0.000893 0.043767
1891 1891 115 117 0.000693 0.048615
1892 1892 2051 1552 0.003421 0.085526
1893 1893 120 1552 0.000249 -0.004501
1894 1894 120 1577 0.000152 -0.00644
1895 1895 121 1552 6.9e-05 0.029294
1896 1896 121 1577 0.00018 0.03151
1897 1897 137 138 0.000319 0.024862
1898 1898 137 138 0.000319 0.024792
1899 1899 154 152 2e-05 0.004741
1900 1900 154 155 0.000319 0.024307
1901 1901 154 155 0.000319 0.024307
1902 1902 157 158 0.000886 0.043837
1903 1903 2019 1578 0.003449 0.142867
1904 1904 167 1578 0.000519 -0.007825
1905 1905 168 1578 0.000277 0.047507
1906 1906 2086 1579 0.001752 0.083864
1907 1907 205 1553 0.000249 -0.004501
1908 1908 205 1579 0.000152 -0.00644
1909 1909 206 1553 6.9e-05 0.029294
1910 1910 206 1579 0.00018 0.03151
1911 1911 1830 226 0.000312 0.024979
1912 1912 227 228 0.000332 0.024931
1913 1913 227 228 0.000332 0.024931
1914 1914 229 230 6.9e-05 0.056094
1915 1915 241 242 0.006133 0.237422
1916 1916 2030 1554 0.003428 0.143421
1917 1917 2029 1580 0.003366 0.141343
1918 1918 249 1554 0.000499 -0.008379
1919 1919 248 1580 0.000325 -0.008726
1920 1920 250 1554 0.000298 0.048407
1921 1921 250 1580 0.000381 0.047715
1922 1922 2031 1555 0.001758 0.081091
1923 1923 2025 1602 0.001801 0.088435
1924 1924 2046 1613 0.001807 0.093629
1925 1925 2032 1622 0.001821 0.092936
1926 1926 253 1555 0.000166 -0.005062
1927 1927 254 1602 0.000166 -0.010873
1928 1928 254 1613 0.000152 -0.007756
1929 1929 253 1622 0.000118 -0.007618
1930 1930 258 1555 0.000201 0.026437
1931 1931 257 1602 0.000166 0.038296
1932 1932 258 1613 0.000187 0.03518
1933 1933 257 1622 0.00018 0.034695
1934 1934 267 269 0.000325 0.026801
1935 1935 267 268 0.000319 0.026593
1936 1936 270 271 0.007664 0.250785
1937 1937 270 271 0.007664 0.250785
1938 1938 270 271 0.007664 0.250785
1939 1939 278 1556 0.004224 0.148199
1940 1940 279 1556 0.000388 -0.009003
1941 1941 279 1581 0.00063 -0.005194
1942 1942 280 1556 0.000395 0.049169
1943 1943 280 1581 3.5e-05 0.048476
1944 1944 2062 1603 0.003802 0.098338
1945 1945 290 291 0.000325 0.027147
1946 1946 290 291 0.000319 0.027216
1947 1947 290 1603 0.000229 -0.008102
1948 1948 292 1603 8.3e-05 0.035734
1949 1949 2047 1604 0.001655 0.091413
1950 1950 307 308 0.000339 0.027285
1951 1951 307 308 0.000339 0.027355
1952 1952 307 1604 0.000132 -0.007479
1953 1953 308 1604 0.000173 0.034764
1954 1954 327 328 0.002469 0.533333
1955 1955 346 347 0.000325 0.025139
1956 1956 345 347 0.000325 0.025346
1957 1957 348 350 0.000332 0.027078
1958 1958 348 350 0.000325 0.027355
1959 1959 348 350 0.000817 0.042313
1960 1960 348 350 0.000686 0.043075
1961 1961 361 363 0.000319 0.024723
1962 1962 360 363 0.000332 0.024931
1963 1963 2014 1623 0.002216 0.086634
1964 1964 1623 368 0.000402 -0.007341
1965 1965 368 369 0.000263 0.025277
1966 1966 368 369 0.000319 0.024862
1967 1967 369 1623 0.000242 0.03144
1968 1968 388 390 0.000332 0.024654
1969 1969 388 390 0.000312 0.024654
1970 1970 396 397 0.006133 0.237422
1971 1971 420 1557 0.000263 -0.005471
1972 1972 421 1557 6.2e-05 0.032895
1973 1973 435 436 0.000325 0.027355
1974 1974 435 436 0.000796 0.041551
1975 1975 435 436 0.000727 0.048753
1976 1976 435 436 0.000325 0.027562
1977 1977 2020 1614 0.001794 0.090166
1978 1978 440 1614 0.000159 -0.007133
1979 1979 440 1624 0.000277 -0.005609
1980 1980 441 1614 0.000173 0.033726
1981 1981 441 1624 6.2e-05 0.032964
1982 1982 442 443 0.000325 0.024792
1983 1983 456 458 0.000332 0.025069
1984 1984 456 458 0.000332 0.024931
1985 1985 2033 1558 0.001814 0.093837
1986 1986 461 1558 0.000145 -0.007548
1987 1987 461 1582 0.000533 -0.004848
1988 1988 462 1558 0.000187 0.03428
1989 1989 462 1582 0.000173 0.053186
1990 1990 527 528 0.000735 0.044668
1991 1991 2021 1583 0.003435 0.08608
1992 1992 551 553 0.000803 0.034418
1993 1993 551 1583 0.000277 -0.004709
1994 1994 553 1583 4.8e-05 0.029571
1995 1995 555 556 0.000319 0.024792
1996 1996 558 559 0.000332 0.024723
1997 1997 558 559 0.000305 0.025
1998 1998 586 587 0.000319 0.02687
1999 1999 586 587 0.000339 0.02687
2000 2000 586 587 0.00036 0.027285
2001 2001 595 596 0.002909 0.158587
2002 2002 595 597 0.002832 0.157202
2003 2003 2015 1559 0.001683 0.083379
2004 2004 1559 602 0.000152 -0.006163
2005 2005 603 1559 0.000159 0.031163
2006 2006 430 605 0.000119 0.00796
2007 2007 614 615 0.005096 0.143921
2008 2008 614 615 0.005531 0.188247
2009 2009 622 623 0.000713 0.043283
2010 2010 622 623 0.000769 0.043837
2011 2011 633 635 0.000319 0.027424
2012 2012 633 635 0.000319 0.027355
2013 2013 649 650 0.002074 0.161778
2014 2014 649 650 0.002074 0.161778
2015 2015 657 658 0.005472 0.190025
2016 2016 674 675 0.000319 0.024307
2017 2017 677 679 0.000693 0.048753
2018 2018 677 678 0.000796 0.042452
2019 2019 701 702 0.0032 0.124444
2020 2020 1833 709 0.000332 0.024862
2021 2021 1833 1584 0.000145 -0.006371
2022 2022 708 1605 0.000132 -0.006302
2023 2023 709 1584 0.000187 0.031163
2024 2024 709 1605 0.000187 0.03144
2025 2025 710 711 0.000845 0.042729
2026 2026 716 717 0.001936 0.115358
2027 2027 718 719 0.000332 0.024238
2028 2028 718 719 0.000332 0.024238
2029 2029 729 730 0.004543 0.137284
2030 2030 732 733 0.00081 0.039266
2031 2031 732 733 0.00081 0.039612
2032 2032 736 737 0.003338 0.158025
2033 2033 741 742 0.001842 0.101731
2034 2034 741 743 0.001821 0.100762
2035 2035 747 748 0.001956 0.003956
2036 2036 2052 1606 0.004862 0.209488
2037 2037 763 764 0.000665 0.043075
2038 2038 763 764 0.000672 0.04356
2039 2039 1606 763 0.000554 -0.004224
2040 2040 764 1606 0.000118 0.047576
2041 2041 765 766 0.000679 0.04536
2042 2042 765 766 0.000686 0.045083
2043 2043 772 774 0.000332 0.024862
2044 2044 772 774 0.000319 0.024792
2045 2045 772 774 0.000319 0.025139
2046 2046 2016 1560 0.004993 0.223892
2047 2047 775 1560 0.000651 -0.005055
2048 2048 776 1560 4.2e-05 0.05374
2049 2049 779 783 0.003378 0.105679
2050 2050 779 783 0.003299 0.107654
2051 2051 780 784 0.001807 0.100831
2052 2052 780 784 0.00178 0.100139
2053 2053 783 784 0.000759 0.035838
2054 2054 2059 1561 0.001807 0.088296
2055 2055 2043 1585 0.001794 0.092175
2056 2056 785 1561 0.000145 -0.011219
2057 2057 785 1585 0.000139 -0.007687
2058 2058 786 1561 0.000194 0.038781
2059 2059 787 1585 0.000187 0.034903
2060 2060 791 792 0.000319 0.024862
2061 2061 791 792 0.000325 0.024862
2062 2062 801 1562 0.000443 -0.004848
2063 2063 801 1586 0.000305 -0.007133
2064 2064 801 802 0.000734 0.024654
2065 2065 802 1562 0.000249 0.047992
2066 2066 802 1586 0.000506 0.046814
2067 2067 2064 1587 0.003386 0.156994
2068 2068 2063 1607 0.001794 0.093906
2069 2069 813 1563 0.000152 -0.011219
2070 2070 813 1587 0.000443 -0.011011
2071 2071 813 1607 0.000215 -0.005194
2072 2072 813 1615 0.000145 -0.011496
2073 2073 814 1563 0.000187 0.038296
2074 2074 814 1587 0.000374 0.053463
2075 2075 814 1607 9.7e-05 0.032064
2076 2076 814 1615 0.000194 0.038435
2077 2077 818 1564 0.000229 -0.004571
2078 2078 820 1588 0.000215 -0.004432
2079 2079 819 821 0.000312 0.025069
2080 2080 821 1564 9.7e-05 0.029363
2081 2081 821 1588 9.7e-05 0.029086
2082 2082 2078 1589 0.001787 0.089335
2083 2083 2065 1616 0.001842 0.091205
2084 2084 836 839 0.000325 0.027355
2085 2085 837 1589 0.000152 -0.011357
2086 2086 836 1608 0.000145 -0.00741
2087 2087 836 1616 0.000125 -0.007756
2088 2088 839 1589 0.000187 0.038435
2089 2089 838 1608 0.000194 0.034626
2090 2090 838 1616 0.000215 0.034903
2091 2091 849 851 0.000319 0.024792
2092 2092 849 851 0.000319 0.024792
2093 2093 2036 1565 0.003733 0.147368
2094 2094 2037 1590 0.003781 0.146814
2095 2095 854 1565 0.00045 -0.014404
2096 2096 854 1590 0.000471 -0.013712
2097 2097 854 857 0.000803 0.034903
2098 2098 857 1565 0.000381 0.050623
2099 2099 857 1590 0.000367 0.050554
2100 2100 898 1566 0.000235 -0.004294
2101 2101 898 1591 0.000145 -0.006233
2102 2102 899 1566 9e-05 0.029086
2103 2103 899 1591 0.000194 0.031233
2104 2104 1272 904 0.000119 0.009086
2105 2105 966 967 0.000284 0.024792
2106 2106 977 979 0.00187 0.101731
2107 2107 977 978 0.001773 0.099862
2108 2108 431 999 4.2e-05 0.000339
2109 2109 998 999 0.000679 0.042867
2110 2110 2053 1567 0.001773 0.092729
2111 2111 2054 1609 0.001856 0.093213
2112 2112 1012 1567 0.000111 -0.007895
2113 2113 1013 1592 0.00027 -0.005402
2114 2114 1012 1609 0.000152 -0.007964
2115 2115 1015 1617 0.000152 -0.007271
2116 2116 1014 1018 0.000325 0.027078
2117 2117 1017 1567 0.000222 0.03518
2118 2118 1017 1592 5.5e-05 0.032756
2119 2119 1018 1609 0.000201 0.034764
2120 2120 1018 1617 0.000194 0.034141
2121 2121 1022 1023 0.000339 0.027285
2122 2122 1040 1568 0.000215 -0.00554
2123 2123 1040 1041 0.000325 0.027355
2124 2124 1041 1568 0.000125 0.033241
2125 2125 1273 1052 0.000119 0.009086
2126 2126 1055 1056 0.000319 0.024307
2127 2127 1055 1056 0.000339 0.025
2128 2128 1055 1056 0.000325 0.024584
2129 2129 1079 1080 0.000817 0.04349
2130 2130 1079 1080 0.000319 0.027978
2131 2131 1108 1110 0.000713 0.048546
2132 2132 1109 1110 0.000332 0.026939
2133 2133 1109 1110 0.000319 0.026385
2134 2134 2048 1593 0.001904 0.155471
2135 2135 1125 1569 0.000519 -0.00831
2136 2136 1125 1593 0.000471 -0.008033
2137 2137 1126 1569 0.000277 0.047922
2138 2138 1126 1593 0.00036 0.049584
2139 2139 1127 1128 0.000796 0.041413
2140 2140 1127 1128 0.000831 0.039681
2141 2141 1149 1150 0.000332 0.024792
2142 2142 1149 1150 0.000332 0.024792
2143 2143 2049 1570 0.001655 0.09259
2144 2144 1157 1570 0.000118 -0.005956
2145 2145 1156 1158 0.000325 0.024862
2146 2146 1158 1570 0.000187 0.032964
2147 2147 1162 1163 0.000319 0.024792
2148 2148 1164 1571 0.00081 -0.007802
2149 2149 1164 1594 0.00081 -0.007802
2150 2150 2038 1572 0.003428 0.084557
2151 2151 1572 1173 0.000277 -0.00464
2152 2152 1173 1174 0.000339 0.024931
2153 2153 1174 1572 6.2e-05 0.029571
2154 2154 1179 1181 0.001177 0.042382
2155 2155 1610 1179 0.000499 -0.006925
2156 2156 1618 1179 0.000353 -0.010873
2157 2157 1181 1610 0.000201 0.055402
2158 2158 1180 1618 0.000429 0.05374
2159 2159 1199 1200 0.000291 0.024792
2160 2160 2039 1625 0.004813 0.21295
2161 2161 1625 1215 0.000457 -0.005194
2162 2162 1215 1216 0.000796 0.048199
2163 2163 1216 1625 0.000242 0.047438
2164 2164 1237 1238 0.003556 0.127407
2165 2165 1257 1258 0.00164 0.118519
2166 2166 1259 1260 0.000783 0.042936
2167 2167 1259 1260 0.000776 0.043075
2168 2168 1262 1573 0.000159 -0.006025
2169 2169 1262 1595 0.000229 -0.004571
2170 2170 1262 1263 0.000332 0.025623
2171 2171 1263 1573 0.000173 0.031163
2172 2172 1263 1595 9e-05 0.029363
2173 2173 1264 1265 0.003186 0.137758
2174 2174 1269 1271 0.000686 0.047922
2175 2175 1270 1271 0.000325 0.027493
2176 2176 1270 1271 0.000325 0.027493
2177 2177 1276 1278 0.001835 0.101524
2178 2178 1276 1277 0.001828 0.102078
2179 2179 1280 1282 0.000319 0.027355
2180 2180 1280 1281 0.000339 0.029778
2181 2181 1289 1291 0.001752 0.102285
2182 2182 1289 1290 0.001752 0.102285
2183 2183 2040 1619 0.001745 0.092867
2184 2184 1298 1611 0.00018 -0.007687
2185 2185 1298 1619 0.000125 -0.007618
2186 2186 1299 1611 0.000166 0.035111
2187 2187 1299 1619 0.000201 0.034834
2188 2188 1301 1302 6.2e-05 0.031787
2189 2189 1301 1302 6.2e-05 0.031856
2190 2190 1319 1320 0.000208 0.016413
2191 2191 1318 1320 0.000208 0.014751
2192 2192 1317 1320 0.000208 0.016413
2193 2193 1313 1320 0.000208 0.016413
2194 2194 1311 1320 0.000208 0.016413
2195 2195 1312 1320 0.000208 0.016413
2196 2196 1316 1320 0.000208 0.016413
2197 2197 1315 1320 0.000208 0.016413
2198 2198 1314 1320 0.000319 0.024307
2199 2199 1336 1574 0.000699 -0.004709
2200 2200 1336 1337 0.000686 0.048546
2201 2201 1337 1574 1.4e-05 0.052839
2202 2202 1344 1347 0.000339 0.027008
2203 2203 1344 1347 0.000395 0.027216
2204 2204 1345 1347 0.000325 0.027632
2205 2205 2055 1596 0.0034 0.084557
2206 2206 1351 1352 0.000332 0.024792
2207 2207 1351 1596 0.000229 -0.004363
2208 2208 1352 1596 9.7e-05 0.029155
2209 2209 1360 1361 0.000332 0.025069
2210 2210 1360 1361 0.000319 0.025
2211 2211 1364 1365 0.000803 0.039335
2212 2212 1363 1365 0.000325 0.025
2213 2213 1364 1365 0.000796 0.039266
2214 2214 1366 1368 0.000305 0.024862
2215 2215 1373 1374 0.002212 0.125432
2216 2216 1374 1375 0.000319 0.024792
2217 2217 1374 1375 0.000325 0.025
2218 2218 2041 1575 0.003449 0.092452
2219 2219 2073 1612 0.001884 0.093352
2220 2220 2060 1620 0.001766 0.09169
2221 2221 2042 1626 0.001821 0.088227
2222 2222 1385 1575 0.00027 -0.005332
2223 2223 1385 1597 0.000249 -0.005471
2224 2224 1384 1612 0.000125 -0.007687
2225 2225 1385 1620 0.000173 -0.007895
2226 2226 1385 1626 0.000132 -0.010942
2227 2227 1386 1575 5.5e-05 0.032756
2228 2228 1386 1597 6.9e-05 0.032895
2229 2229 1386 1612 0.000201 0.034834
2230 2230 1386 1620 0.000166 0.034834
2231 2231 1386 1626 0.000208 0.038643
2232 2232 1389 1391 0.001925 0.101801
2233 2233 1389 1390 0.001835 0.101177
2234 2234 2056 1598 0.001814 0.090651
2235 2235 2079 1621 0.00277 0.094945
2236 2236 2057 1627 0.004862 0.2241
2237 2237 1392 1598 0.000145 -0.011288
2238 2238 1393 1394 0.000319 0.027355
2239 2239 1392 1621 0.000291 -0.00554
2240 2240 1393 1395 0.000693 0.048615
2241 2241 1393 1627 0.000471 -0.005263
2242 2242 1394 1598 0.000187 0.038712
2243 2243 1395 1621 2.8e-05 0.032895
2244 2244 1395 1627 0.000235 0.053324
2245 2245 1415 1416 0.000332 0.025069
2246 2246 1415 1416 0.000332 0.025069
2247 2247 1414 1416 0.000339 0.024446
2248 2248 1414 1416 0.000332 0.025069
2249 2249 1420 1421 0.000346 0.025346
2250 2250 1420 1421 0.000332 0.025208
2251 2251 1840 1426 0.000325 0.027701
2252 2252 29 1628 0 0.019737
2253 2253 30 1629 0 0.019737
2254 2254 51 1844 0 0.54184
2255 2255 61 1630 0 0.142857
2256 2256 61 1631 0 0.219149
2257 2257 73 1846 0 0.366794
2258 2258 73 1632 0 0.366794
2259 2259 74 1847 0 0.366794
2260 2260 74 1848 0 0.366794
2261 2261 103 1852 0 0.15
2262 2262 102 1854 0 0.15
2263 2263 130 1633 0 0.012611
2264 2264 127 1634 0 0.012611
2265 2265 128 1635 0 0.012611
2266 2266 129 1636 0 0.012611
2267 2267 132 1637 0 0.048207
2268 2268 131 1638 0 0.048207
2269 2269 133 1639 0 0.043965
2270 2270 133 1640 0 0.03442
2271 2271 133 1641 0 0.06506
2272 2272 140 1642 0 0.161429
2273 2273 140 1643 0 0.17931
2274 2274 140 1855 0 0.161429
2275 2275 140 1644 0 0.17931
2276 2276 140 1645 0 0.17931
2277 2277 791 1646 0 0.044965
2278 2278 165 1647 0 0.248077
2279 2279 169 1861 0 0.300114
2280 2280 186 1648 0 0.012685
2281 2281 185 1649 0 0.012685
2282 2282 183 1650 0 0.012685
2283 2283 184 1651 0 0.012685
2284 2284 190 1652 0 0.009303
2285 2285 191 1862 0 0.009303
2286 2286 194 1653 0 0.200062
2287 2287 194 1654 0 0.200062
2288 2288 194 1655 0 0.200062
2289 2289 193 1656 0 0.200062
2290 2290 193 1657 0 0.200062
2291 2291 193 1658 0 0.200062
2292 2292 196 1863 0 0.333434
2293 2293 196 1659 0 0.333434
2294 2294 196 1660 0 0.333434
2295 2295 196 1661 0 0.333434
2296 2296 197 1662 0 0.333434
2297 2297 197 1663 0 0.333434
2298 2298 200 1865 0 0.453182
2299 2299 218 1866 0 0.333994
2300 2300 218 1664 0 0.333994
2301 2301 218 1665 0 0.333994
2302 2302 218 1867 0 0.333994
2303 2303 217 1666 0 0.333994
2304 2304 217 1868 0 0.333994
2305 2305 243 1667 0 0.008909
2306 2306 245 1668 0 0.008909
2307 2307 246 1669 0 0.008909
2308 2308 295 1670 0 0.048207
2309 2309 299 1873 0 0.054074
2310 2310 299 1874 0 0.054074
2311 2311 300 1671 0 0.012685
2312 2312 302 1673 0 0.012611
2313 2313 301 1674 0 0.012611
2314 2314 304 1675 0 0.009257
2315 2315 305 1676 0 0.009257
2316 2316 311 1875 0 0.009257
2317 2317 310 1677 0 0.009257
2318 2318 316 2022 0 0.155059
2319 2319 316 1876 0 0.155059
2320 2320 316 1877 0 0.155059
2321 2321 316 1878 0 0.155059
2322 2322 15 1678 0 0.06579
2323 2323 16 1679 0 0.06579
2324 2324 608 1680 0 0.1
2325 2325 338 1681 0 0.01954
2326 2326 336 1682 0 0.020227
2327 2327 337 1683 0 0.01954
2328 2328 339 1684 0 0.021576
2329 2329 416 1881 0 0.2424
2330 2330 416 1882 0 0.2424
2331 2331 416 1685 0 0.2424
2332 2332 416 1883 0 0.2424
2333 2333 416 1884 0 0.2424
2334 2334 416 1885 0 0.2424
2335 2335 382 1686 0 0.012685
2336 2336 381 1687 0 0.012685
2337 2337 383 1688 0 0.012611
2338 2338 384 1689 0 0.012611
2339 2339 392 1888 0 0.181818
2340 2340 401 1690 0 0.041231
2341 2341 400 1691 0 0.273494
2342 2342 411 1692 0 0.032831
2343 2343 437 1693 0 0.089389
2344 2344 438 1694 0 0.089389
2345 2345 438 1695 0 0.056597
2346 2346 437 1696 0 0.056597
2347 2347 452 1697 0 0.012685
2348 2348 451 1698 0 0.012685
2349 2349 453 1699 0 0.012685
2350 2350 454 1700 0 0.012685
2351 2351 466 1701 0 0.345838
2352 2352 503 1702 0 0.266753
2353 2353 502 1703 0 0.266753
2354 2354 501 1889 0 0.266753
2355 2355 507 1704 0 0.009303
2356 2356 510 1705 0 0.009303
2357 2357 538 1890 0 0.510159
2358 2358 539 1891 0 0.510159
2359 2359 540 1892 0 0.510159
2360 2360 541 1706 0 0.510159
2361 2361 565 1707 0 0.47948
2362 2362 563 2026 0 0.47948
2363 2363 562 1898 0 0.47948
2364 2364 561 1708 0 0.47948
2365 2365 564 1709 0 0.47948
2366 2366 567 1710 0 0.400125
2367 2367 567 1711 0 0.400125
2368 2368 576 1712 0 0.008909
2369 2369 577 1713 0 0.008909
2370 2370 583 1714 0 0.042476
2371 2371 592 1715 0 0.012685
2372 2372 593 1716 0 0.012685
2373 2373 591 1717 0 0.012685
2374 2374 589 1718 0 0.012685
2375 2375 590 1719 0 0.012685
2376 2376 588 1720 0 0.012685
2377 2377 615 1721 0 0.041112
2378 2378 1343 1906 0 0.082529
2379 2379 1343 1907 0 0.082529
2380 2380 1343 1908 0 0.082529
2381 2381 1343 1909 0 0.082529
2382 2382 1343 1910 0 0.082529
2383 2383 1343 1911 0 0.082529
2384 2384 1343 1912 0 0.082529
2385 2385 1343 1913 0 0.082529
2386 2386 625 1722 0 0.029081
2387 2387 638 1723 0 0.044965
2388 2388 637 1724 0 0.020227
2389 2389 639 1725 0 0.021197
2390 2390 683 1919 0 0.30255
2391 2391 684 1920 0 0.30255
2392 2392 681 1921 0 0.30255
2393 2393 682 1922 0 0.30255
2394 2394 686 1923 0 0.333559
2395 2395 685 1924 0 0.333559
2396 2396 752 1726 0 0.312857
2397 2397 752 1727 0 0.312857
2398 2398 752 1728 0 0.312857
2399 2399 752 1928 0 0.312857
2400 2400 744 1729 0 0.048207
2401 2401 760 1931 0 0.120375
2402 2402 760 1932 0 0.17125
2403 2403 760 1934 0 0.120375
2404 2404 762 1935 0 0.329412
2405 2405 762 1936 0 0.329412
2406 2406 762 1937 0 0.329412
2407 2407 768 1938 0 0.181636
2408 2408 796 1730 0 0.044965
2409 2409 797 1731 0 0.044965
2410 2410 809 1944 0 0.482751
2411 2411 107 1732 0 0.031723
2412 2412 861 1733 0 0.0516
2413 2413 860 1734 0 0.0516
2414 2414 864 1950 0 0.0592
2415 2415 864 1951 0 0.0596
2416 2416 863 1952 0 0.0596
2417 2417 863 1953 0 0.05972
2418 2418 499 1735 0 0.012685
2419 2419 498 1736 0 0.012685
2420 2420 880 1737 0 0.295332
2421 2421 877 1738 0 0.295332
2422 2422 878 1739 0 0.295332
2423 2423 888 1740 0 0.03299
2424 2424 889 1741 0 0.034269
2425 2425 915 1742 0 0.009303
2426 2426 918 1958 0 0.144154
2427 2427 918 1959 0 0.144154
2428 2428 928 1743 0 0.287294
2429 2429 934 1744 0 0.008909
2430 2430 935 1745 0 0.008909
2431 2431 937 1746 0 0.008909
2432 2432 936 1961 0 0.008909
2433 2433 943 1747 0 0.389792
2434 2434 951 1748 0 0.009303
2435 2435 952 1749 0 0.009303
2436 2436 968 1750 0 0.021485
2437 2437 970 1751 0 0.021485
2438 2438 969 1752 0 0.021485
2439 2439 971 1753 0 0.019737
2440 2440 974 2058 0 0.31817
2441 2441 985 1754 0 0.044965
2442 2442 984 1755 0 0.020227
2443 2443 1010 1756 0 0.733548
2444 2444 1032 1757 0 0.046748
2445 2445 1047 1758 0 0.155048
2446 2446 1046 1759 0 0.155048
2447 2447 1045 1760 0 0.155048
2448 2448 1048 1970 0 0.327904
2449 2449 1048 1971 0 0.327904
2450 2450 1048 1972 0 0.327904
2451 2451 1048 1973 0 0.327904
2452 2452 1075 1974 0 0.0774
2453 2453 1076 1975 0 0.06037
2454 2454 1077 1976 0 0.0774
2455 2455 1078 1977 0 0.0774
2456 2456 1085 1761 0 0.285799
2457 2457 1083 1762 0 0.285799
2458 2458 1084 1978 0 0.285799
2459 2459 1138 1769 0 0.261991
2460 2460 1138 1770 0 0.261991
2461 2461 1141 1979 0 0.317591
2462 2462 1142 1980 0 0.329412
2463 2463 1159 1771 0 0.733625
2464 2464 1184 1993 0 0.088828
2465 2465 1195 1772 0 0.009303
2466 2466 1194 1995 0 0.009303
2467 2467 482 1773 0 0.035942
2468 2468 483 1774 0 0.019697
2469 2469 480 1775 0 0.037419
2470 2470 481 1776 0 0.037117
2471 2471 1207 1996 0 0.244364
2472 2472 1207 1997 0 0.244364
2473 2473 1210 2000 0 0.148936
2474 2474 1214 1777 0 0.012611
2475 2475 1213 1778 0 0.012611
2476 2476 1217 1779 0 0.1992
2477 2477 1217 2002 0 0.1992
2478 2478 1247 1780 0 0.428124
2479 2479 1250 2028 0 0.428124
2480 2480 1249 1781 0 0.428124
2481 2481 1248 1782 0 0.428124
2482 2482 1254 2004 0 0.092765
2483 2483 1254 2023 0 0.092765
2484 2484 1254 2024 0 0.092765
2485 2485 1254 2005 0 0.092765
2486 2486 1305 1783 0 0.012769
2487 2487 1306 1784 0 0.012769
2488 2488 1308 1785 0 0.012769
2489 2489 1307 1786 0 0.012769
2490 2490 1333 1787 0 0.050588
2491 2491 1333 1788 0 0.050588
2492 2492 1332 1789 0 0.050588
2493 2493 1379 1790 0 0.044965
2494 2494 1378 1791 0 0.044965
2495 2495 1400 1792 0 0.318049
2496 2496 1399 2011 0 0.318049
2497 2497 1398 2012 0 0.318049
2498 2498 1407 1793 0 0.15125
2499 2499 1407 1794 0 0.15125
2500 2500 766 1795 5e-06 5e-05
2501 2501 766 1796 5e-06 5e-05
2502 2502 981 1797 0.002262 0.013491
2503 2503 739 1798 0.000544 0.006842
2504 2504 36 1799 0.002222 0.014124
2505 2505 1181 1800 0.000322 0.003148
2506 2506 849 1801 0.000781 0.006247
2507 2507 885 1802 0.000232 0.001856
2508 2508 792 1803 0.000661 0.008092
2509 2509 70 1804 0.00037 0.004699
2510 2510 764 1805 0.000544 0.005689
2511 2511 1181 1806 0.000457 0.005163
2512 2512 975 1807 0.004375 0.020138
2513 2513 1504 1808 0.00076 0.004523
2514 2514 216 1809 0.001086 0.016543
2515 2515 1402 1810 0.00106 0.005879
2516 2516 874 1811 0.000264 0.002841
2517 2517 1199 1812 0.00165 0.007587
2518 2518 1367 1813 0.000256 0.003556
2519 2519 1368 1814 0.000253 0.003556
2520 2520 306 1815 0.003052 0.022203
2521 2521 37 1816 0.000544 0.005865
2522 2522 1180 1817 0.000469 0.005225
2523 2523 345 1818 0.005588 0.034701
2524 2524 7 1819 0.000862 0.019598
2525 2525 8 1820 0.000862 0.019598
2526 2526 346 1821 0.004375 0.026805
2527 2527 1382 1822 0.000332 0.004013
2528 2528 558 1823 0.001393 0.009294
2529 2529 558 1824 0.001393 0.009304
2530 2530 216 1825 6.2e-05 0.000855
2531 2531 86 1826 0.001043 0.011382
