#name                  p          minP          maxP         start          prop
alta       0.00000000E+00 1.00000000E+01 1.10000000E+02 1.20000000E+04 1.20000000E+02
park_city  0.00000000E+00 1.00000000E+01 1.00000000E+02 1.20000000E+04 1.20000000E+02
wind_1     0.00000000E+00 1.00000000E+01 5.00000000E+01 0.00000000E+00 5.00000000E+01
solitude   0.00000000E+00 1.00000000E+01 5.20000000E+02 4.50000000E+04 3.00000000E+01
wind_3     0.00000000E+00 1.00000000E+01 8.00000000E+01 0.00000000E+00 5.00000000E+01
wind_2     0.00000000E+00 1.00000000E+01 2.00000000E+01 0.00000000E+00 5.00000000E+01
sundance   0.00000000E+00 1.00000000E+01 2.00000000E+02 1.20000000E+04 1.20000000E+02
wind_4     0.00000000E+00 1.00000000E+01 1.00000000E+02 0.00000000E+00 5.00000000E+01
brighton   0.00000000E+00 1.00000000E+01 6.00000000E+02 1.80000000E+05 5.00000000E+01
wind_5     0.00000000E+00 1.00000000E+01 1.00000000E+01 0.00000000E+00 5.00000000E+01
