#name                  p          minP          maxP         start          prop
fuel_1     0.00000000E+00 1.00000000E+01 2.00000000E+02 0.00000000E+01 5.00000000E+01
gas_1      0.00000000E+00 1.00000000E+01 2.00000000E+02 0.00000000E+01 3.00000000E+01
wind_1     0.00000000E+00 1.00000000E+01 2.00000000E+02 0.00000000E+01 1.00000000E+01
fuel_3     0.00000000E+00 1.00000000E+01 2.00000000E+02 0.00000000E+01 5.00000000E+01
wind_3     0.00000000E+00 1.00000000E+01 2.00000000E+02 0.00000000E+01 1.00000000E+01
wind_2     0.00000000E+00 1.00000000E+01 2.00000000E+02 0.00000000E+01 1.00000000E+01
fuel_4     0.00000000E+00 1.00000000E+01 2.00000000E+02 0.00000000E+01 5.00000000E+01
wind_4     0.00000000E+00 1.00000000E+01 2.00000000E+02 0.00000000E+01 1.00000000E+01
fuel_5     0.00000000E+00 1.00000000E+01 2.00000000E+02 0.00000000E+01 5.00000000E+01
wind_5     0.00000000E+00 1.00000000E+01 2.00000000E+02 0.00000000E+01 1.00000000E+01
