#branch_name branch_num bus_from bus_to r(pu)       x(pu)
1 1 16 1 0.00155 0.01169
2 2 355 1 0.00157 0.06612
3 3 17 2 0.00155 0.01169
4 4 354 2 0.00157 0.06612
5 5 10 3 0.01068 0.07895
6 6 219 3 0.00165 0.06736
7 7 220 3 0.00165 0.06736
8 8 7 4 0.01674 0.09711
9 9 11 4 0.00293 0.01599
10 10 14 4 0.00442 0.03223
11 11 16 4 0.00888 0.06665
12 12 22 4 0.00783 0.043
13 13 245 4 0.00165 0.06901
14 14 246 4 0.00165 0.06901
15 15 5 6 0.00064 0.0305
16 16 7 5 0.00525 0.03988
17 17 10 5 0.01459 0.11219
18 18 309 5 0.00165 0.0686
19 19 309 5 0.00165 0.0686
20 20 6 8 0.00112 0.01329
21 21 6 9 0.00299 0.03675
22 22 15 6 0.00298 0.03417
23 23 31 6 0.0015 0.01506
24 24 310 6 0.0015 0.06188
25 25 12 7 0.01211 0.08742
26 26 13 7 0.00205 0.01326
27 27 19 7 0.0057 0.0407
28 28 21 7 0.00093 0.00651
29 29 29 7 0.01269 0.07498
30 30 321 7 0.00041 0.03368
31 31 322 7 0.00165 0.06775
32 32 8 18 0.00336 0.03977
33 33 332 9 0.00087 0.05244
34 34 171 10 0.01409 0.10413
35 35 346 10 0.00124 0.06839
36 36 347 10 0.00124 0.06839
37 37 16 11 0.0057 0.03952
38 38 17 11 0.0057 0.03952
39 39 111 11 0.01068 0.06196
40 40 352 11 0.00165 0.06901
41 41 353 11 0.00165 0.06901
42 42 140 12 0.01465 0.10589
43 43 359 12 0.00155 0.06612
44 44 360 12 0.00157 0.06612
45 45 29 13 0.01345 0.08114
46 46 365 13 0.00165 0.06901
47 47 366 13 0.00165 0.06901
48 48 17 14 0.00384 0.02853
49 49 367 14 0.00157 0.06798
50 50 368 14 0.00165 0.06901
51 51 18 15 0.00358 0.04262
52 52 15 165 0.00207 0.02474
53 53 374 15 0.0015 0.06188
54 54 16 18 0.00036 0.02519
55 55 16 73 0.00909 0.0624
56 56 17 18 0.00036 0.02519
57 57 17 74 0.00868 0.06405
58 58 20 18 0.00063 0.00749
59 59 75 18 0.00219 0.02369
60 60 18 76 0.00137 0.01625
61 61 18 101 0.00231 0.02769
62 62 124 19 0.01696 0.12366
63 63 425 19 0.00165 0.06818
64 64 67 20 0.00331 0.03425
65 65 447 20 0.00137 0.06119
66 66 448 20 0.00137 0.06119
67 67 502 21 0.00165 0.07107
68 68 112 22 0.00465 0.02618
69 69 526 22 0.00165 0.06901
70 70 527 22 0.00165 0.06901
71 71 37 23 0.01163 0.07031
72 72 46 23 0.00837 0.04868
73 73 53 23 0.01122 0.06558
74 74 540 23 0.0014 0.0668
75 75 54 24 0.00769 0.05727
76 76 545 24 0.00151 0.06715
77 77 41 25 0.00556 0.04145
78 78 53 25 0.00452 0.03368
79 79 54 25 0.00019 0.0014
80 80 564 25 0.00157 0.07808
81 81 38 26 0.00698 0.05196
82 82 568 26 0.00149 0.06616
83 83 28 27 0 0.0001
84 84 33 27 0.0024 0.01494
85 85 48 27 0.01213 0.06215
86 86 27 74 0.01116 0.07231
87 87 47 28 0.00248 0.01798
88 88 28 88 0.01488 0.08161
89 89 30 29 0 0.0001
90 90 29 32 0.00034 0.02097
91 91 45 29 0.00545 0.04021
92 92 48 29 0.00574 0.04283
93 93 613 29 0.00157 0.06775
94 94 46 30 0.00545 0.04021
95 95 49 30 0.00707 0.04541
96 96 32 31 0 0.0001
97 97 39 31 0.00176 0.02144
98 98 36 32 0.00167 0.0189
99 99 615 33 0.00163 0.06946
100 100 35 34 0 0.0001
101 101 34 51 0.00113 0.01406
102 102 183 34 0.00188 0.02287
103 103 183 35 0.00188 0.02287
104 104 617 35 0.00135 0.06052
105 105 644 36 0.00135 0.06052
106 106 645 36 0.00153 0.06156
107 107 38 37 0 0.0001
108 108 663 37 0.00157 0.06616
109 109 55 38 0.00316 0.02076
110 110 40 39 0 0.0001
111 111 682 39 0.00139 0.05984
112 112 44 40 0.00109 0.01277
113 113 679 40 0.0014 0.06235
114 114 42 41 0 0.0001
115 115 41 43 0.00081 0.03
116 116 80 41 0.00372 0.0438
117 117 47 42 0.00882 0.06564
118 118 54 42 0.00355 0.02643
119 119 689 42 0.00145 0.06839
120 120 44 43 0 0.0001
121 121 99 43 0.00169 0.01994
122 122 50 44 0.00094 0.01097
123 123 46 45 0 0.0001
124 124 49 45 0.01048 0.06097
125 125 706 47 0.00157 0.06775
126 126 707 47 0.00165 0.06775
127 127 49 48 0 0.0001
128 128 717 48 0.00163 0.06783
129 129 716 49 0.00143 0.06831
130 130 51 50 0 0.0001
131 131 98 50 0.0015 0.01788
132 132 100 50 0.00469 0.05544
133 133 726 50 0.00139 0.0608
134 134 727 51 0.0014 0.06235
135 135 53 52 0.00151 0.00878
136 136 754 52 0.00163 0.06754
137 137 181 55 0.01434 0.08353
138 138 778 55 0.00161 0.06762
139 139 74 56 0.00207 0.01281
140 140 796 56 0.00207 0.06777
141 141 81 57 0.00083 0.00496
142 142 80 58 0.00083 0.00496
143 143 63 59 0.00207 0.01405
144 144 82 59 0.01116 0.07045
145 145 821 59 0.00165 0.06798
146 146 60 85 0.01095 0.0593
147 147 104 60 0.00599 0.04091
148 148 834 60 0.00145 0.06921
149 149 836 60 0.00372 0.12583
150 150 62 61 0 0.0001
151 151 64 61 0.00517 0.03843
152 152 109 61 0.00083 0.0062
153 153 184 61 0.01219 0.07066
154 154 82 62 0.00165 0.01095
155 155 110 62 0.00083 0.0062
156 156 71 63 0.00475 0.03079
157 157 91 63 0.00455 0.02769
158 158 94 63 0.00186 0.0126
159 159 96 63 0.00826 0.04236
160 160 64 69 0.00434 0.02975
161 161 79 64 0.00351 0.02438
162 162 93 64 0.00186 0.0126
163 163 95 64 0.00826 0.04236
164 164 90 65 0.00785 0.04132
165 165 65 91 0.00227 0.01446
166 166 66 67 0.00031 0.02094
167 167 66 68 0.00248 0.02355
168 168 152 66 0.01033 0.08285
169 169 138 67 0.00194 0.02056
170 170 911 67 0.00156 0.06269
171 171 912 67 0.00156 0.06269
172 172 68 78 0.00579 0.04153
173 173 978 68 0.00165 0.06694
174 174 979 68 0.00145 0.06653
175 175 83 69 0.00145 0.00992
176 176 995 69 0.00145 0.0655
177 177 996 69 0.00145 0.07045
178 178 70 73 0.00145 0.00971
179 179 107 70 0.00062 0.00413
180 180 72 71 0 0.0001
181 181 86 71 0.00165 0.00971
182 182 1059 71 0.00145 0.06983
183 183 1060 71 0.00165 0.06777
184 184 73 75 0.00075 0.02444
185 185 87 73 0.00393 0.02851
186 186 74 76 0.00075 0.02469
187 187 74 108 0.00083 0.00517
188 188 76 75 0 0.0001
189 189 76 105 0.00244 0.02756
190 190 84 77 0.00393 0.02665
191 191 85 77 0.00186 0.01384
192 192 1095 77 0.00165 0.06694
193 193 1096 77 0.00145 0.06736
194 194 78 103 0.00496 0.03368
195 195 1106 78 0.00145 0.06839
196 196 88 79 0.0031 0.02335
197 197 81 80 0 0.0001
198 198 80 96 0.01591 0.0876
199 199 1114 80 0.00165 0.06694
200 200 93 81 0.01777 0.11674
201 201 1115 81 0.00165 0.06694
202 202 1138 82 0.00165 0.06756
203 203 1139 82 0.00145 0.06756
204 204 84 83 0 0.0001
205 205 103 83 0.0031 0.02169
206 206 1141 83 0.00145 0.06653
207 207 184 84 0.01178 0.07087
208 208 1192 84 0.00165 0.0686
209 209 86 85 0 0.0001
210 210 1182 85 0.00207 0.0936
211 211 86 108 0.00537 0.0405
212 212 1184 86 0.00186 0.09277
213 213 88 87 0 0.0001
214 214 94 87 0.00599 0.03512
215 215 1213 87 0.00145 0.06715
216 216 89 94 0.00599 0.04153
217 217 102 89 0.00207 0.01343
218 218 1217 89 0.00145 0.0657
219 219 104 90 0.00455 0.0314
220 220 1244 90 0.00145 0.06756
221 221 1343 91 0.00145 0.06756
222 222 100 92 0.00094 0.01038
223 223 92 106 0.00094 0.0105
224 224 1382 92 0.00156 0.06269
225 225 1384 92 0.00156 0.06294
226 226 94 93 0 0.0001
227 227 1418 93 0.00145 0.06736
228 228 96 95 0 0.0001
229 229 102 95 0.00455 0.02459
230 230 1426 96 0.00145 0.06674
231 231 1427 97 0.00041 0.01818
232 232 99 98 0 0.0001
233 233 1502 98 0.00137 0.05988
234 234 101 99 0.00313 0.03562
235 235 101 100 0 0.0001
236 236 1504 100 0.00137 0.06119
237 237 1505 101 0.00156 0.06269
238 238 1524 102 0.00165 0.06694
239 239 104 103 0 0.0001
240 240 103 106 0.0005 0.02875
241 241 1536 103 0.00145 0.0686
242 242 1538 104 0.00165 0.06818
243 243 106 105 0 0.0001
244 244 105 185 0.00187 0.01763
245 245 106 180 0.0015 0.01469
246 246 108 107 0.00062 0.00496
247 247 1552 107 0.00145 0.06756
248 248 1553 107 0.00145 0.0655
249 249 112 111 0 0.0001
250 250 123 111 0.00438 0.03188
251 251 124 111 0.00614 0.03252
252 252 1603 111 0.00165 0.0625
253 253 113 114 0.00506 0.03654
254 254 151 113 0.00221 0.01655
255 255 1623 113 0.00145 0.06818
256 256 1624 113 0.00165 0.06818
257 257 114 131 0.00583 0.04231
258 258 1647 114 0.00151 0.06688
259 259 116 115 0 0.0001
260 260 133 115 0.00274 0.02696
261 261 1649 115 0.00153 0.06206
262 262 138 116 0.0017 0.01733
263 263 1650 116 0.00152 0.06206
264 264 140 117 0.01103 0.08057
265 265 143 117 0.00355 0.02593
266 266 1655 117 0.00151 0.06688
267 267 119 118 0 0.0001
268 268 126 118 0.00647 0.0413
269 269 142 118 0.00105 0.00721
270 270 1680 118 0.00151 0.06688
271 271 125 120 0.01043 0.07789
272 272 130 120 0.01054 0.07686
273 273 1686 120 0.00161 0.06653
274 274 1687 120 0.00161 0.06653
275 275 122 121 0 0.0001
276 276 151 121 0.00603 0.04401
277 277 1747 121 0.00145 0.06818
278 278 1748 121 0.00145 0.06818
279 279 124 123 0 0.0001
280 280 140 123 0.00048 0.00331
281 281 144 123 0.0186 0.09638
282 282 1760 123 0.00341 0.22521
283 283 1762 123 0.00165 0.06851
284 284 1764 123 0.00562 0.23161
285 285 139 124 0.00048 0.00331
286 286 1761 124 0.00341 0.2314
287 287 1763 124 0.00562 0.22624
288 288 126 125 0 0.0001
289 289 135 125 0.00469 0.03465
290 290 186 125 0.00165 0.01591
291 291 1775 125 0.00163 0.06136
292 292 126 127 0.00064 0.0305
293 293 186 126 0.00165 0.01591
294 294 128 127 0 0.0001
295 295 157 127 0.00294 0.03463
296 296 145 128 0.00371 0.04326
297 297 143 129 0.00934 0.05225
298 298 129 148 0.01058 0.053
299 299 1814 129 0.00165 0.0593
300 300 130 132 0.01252 0.09136
301 301 130 154 0.00771 0.05696
302 302 1822 130 0.00165 0.0593
303 303 1823 130 0.00165 0.0593
304 304 132 131 0 0.0001
305 305 131 133 0.00084 0.02756
306 306 147 131 0.01545 0.07335
307 307 151 131 0.01457 0.07955
308 308 1839 131 0.00165 0.09277
309 309 132 134 0.00084 0.02756
310 310 148 132 0.01545 0.07335
311 311 150 132 0.01457 0.07955
312 312 1840 132 0.00165 0.06694
313 313 134 133 0 0.0001
314 314 182 133 0.00031 0.00338
315 315 182 134 0.00031 0.00338
316 316 136 135 0 0.0001
317 317 142 135 0.0061 0.04483
318 318 1845 135 0.00029 0.06136
319 319 1846 135 0.00165 0.0686
320 320 138 137 0 0.0001
321 321 1880 138 0.00138 0.05931
322 322 1881 138 0.00138 0.05931
323 323 140 139 0 0.0001
324 324 166 139 0.01386 0.08702
325 325 174 139 0.01176 0.06829
326 326 167 140 0.01717 0.0894
327 327 1882 140 0.00163 0.07033
328 328 144 141 0.01312 0.07622
329 329 178 141 0.01676 0.09717
330 330 1902 141 0.00165 0.0593
331 331 1903 141 0.00165 0.0593
332 332 1904 142 0.00281 0.10601
333 333 1905 142 0.00281 0.10601
334 334 144 143 0 0.0001
335 335 143 145 0.00035 0.02375
336 336 149 143 0.00244 0.01318
337 337 144 147 0.01849 0.0956
338 338 1907 144 0.00165 0.0593
339 339 146 145 0 0.0001
340 340 1906 145 0.00153 0.06206
341 341 148 147 0 0.0001
342 342 154 147 0.0024 0.01779
343 343 1919 147 0.00165 0.06653
344 344 1920 148 0.00165 0.06775
345 345 1925 149 0.00165 0.05229
346 346 151 150 0 0.0001
347 347 152 150 0.00517 0.03698
348 348 1987 150 0.00165 0.06818
349 349 1988 151 0.00165 0.06818
350 350 153 152 0 0.0001
351 351 2090 152 0.00165 0.06632
352 352 2112 154 0.00165 0.06632
353 353 2113 154 0.00165 0.06632
354 354 166 155 0.0018 0.02114
355 355 2134 155 0.00155 0.06585
356 356 156 158 0.00059 0.03093
357 357 179 156 0.0057 0.04236
358 358 158 157 0 0.0001
359 359 2157 157 0.00137 0.05969
360 360 176 158 0.00281 0.03312
361 361 160 159 0 0.0001
362 362 159 165 0.00224 0.02583
363 363 159 176 0.00133 0.01569
364 364 2165 159 0.00129 0.06437
365 365 168 160 0.0021 0.02475
366 366 160 177 0.00133 0.01569
367 367 2166 160 0.00129 0.06437
368 368 162 161 0 0.0001
369 369 161 166 0.02738 0.14254
370 370 2170 161 0.00159 0.06694
371 371 162 179 0.01905 0.11132
372 372 2169 162 0.0037 0.18657
373 373 164 163 0 0.0001
374 374 163 165 0.0004 0.03
375 375 163 172 0.00564 0.04196
376 376 2188 163 0.00163 0.06671
377 377 164 167 0.00795 0.05919
378 378 2186 164 0.00163 0.06671
379 379 2187 165 0.00059 0.04206
380 380 167 166 0 0.0001
381 381 2195 166 0.00159 0.06736
382 382 2196 167 0.00159 0.06736
383 383 169 168 0 0.0001
384 384 2258 169 0.00089 0.05411
385 385 171 170 0 0.0001
386 386 170 174 0.02756 0.16014
387 387 2260 170 0.00161 0.06756
388 388 2261 171 0.00161 0.06756
389 389 173 172 0 0.0001
390 390 2339 172 0.00157 0.0675
391 391 173 175 0.00731 0.05579
392 392 2340 173 0.00277 0.1062
393 393 175 174 0 0.0001
394 394 2357 174 0.00161 0.06736
395 395 2357 175 0.00165 0.06671
396 396 177 176 0 0.0001
397 397 2377 176 0.00137 0.05969
398 398 2378 176 0.00137 0.05969
399 399 179 178 0 0.0001
400 400 2380 178 0.00155 0.06798
401 401 2381 179 0.00161 0.06775
402 402 202 187 0.10041 0.17736
403 403 423 187 0.0386 0.08364
404 404 434 188 0.04017 0.11711
405 405 437 188 0.0414 0.1257
406 406 443 189 0.04719 0.08273
407 407 513 189 0.03909 0.06843
408 408 355 190 0.01967 0.0638
409 409 376 190 0.02231 0.07248
410 410 207 191 0.00686 0.02215
411 411 529 191 0.02058 0.06694
412 412 193 192 0.00694 0.02256
413 413 194 192 0.00264 0.00851
414 414 308 192 0.03942 0.12033
415 415 453 192 0.00818 0.02545
416 416 193 332 0.0205 0.07347
417 417 248 194 0.02893 0.08719
418 418 256 194 0.02802 0.08446
419 419 332 194 0.02545 0.08099
420 420 285 195 0.01959 0.06355
421 421 514 195 0.00992 0.02975
422 422 1736 196 0.06182 0.10504
423 423 197 247 0.0443 0.09347
424 424 351 198 0.03529 0.10818
425 425 425 198 0.02744 0.08264
426 426 433 199 0.00983 0.03198
427 427 444 199 0.01198 0.03893
428 428 200 428 0.0076 0.02298
429 429 533 200 0.03339 0.10124
430 430 219 201 0.02793 0.08496
431 431 201 255 0.02702 0.08215
432 432 239 202 0.05198 0.09
433 433 202 332 0.05992 0.11628
434 434 425 203 0.00843 0.02769
435 435 203 459 0.0357 0.11719
436 436 204 526 0.00132 0.0043
437 437 205 527 0.00132 0.0043
438 438 224 206 0.00917 0.02983
439 439 384 206 0.00785 0.02545
440 440 354 207 0.01372 0.04446
441 441 208 326 0.02909 0.09438
442 442 208 342 0.00355 0.01157
443 443 209 211 0.00678 0.02215
444 444 334 209 0.00917 0.03
445 445 282 210 0.01661 0.04702
446 446 353 210 0.01388 0.03628
447 447 233 211 0.01909 0.06273
448 448 333 211 0.09165 0.15901
449 449 386 211 0.02455 0.07967
450 450 305 212 0.02975 0.07686
451 451 511 212 0.02917 0.07438
452 452 333 213 0.02736 0.05992
453 453 343 213 0.01504 0.03075
454 454 415 213 0.01165 0.04298
455 455 458 213 0.00355 0.0114
456 456 473 213 0.00289 0.00926
457 457 442 214 0.0214 0.07157
458 458 533 214 0.03124 0.10421
459 459 2249 214 0.03702 0.06719
460 460 273 215 0.00107 0.00281
461 461 279 215 0.00992 0.02636
462 462 447 216 0.00314 0.00942
463 463 1120 216 0.03306 0.08099
464 464 327 217 0.02686 0.0881
465 465 217 346 0.01678 0.05661
466 466 219 218 0.02207 0.04273
467 467 340 218 0.04992 0.08967
468 468 227 219 0.03736 0.06314
469 469 437 220 0.00785 0.02388
470 470 510 220 0.03165 0.09537
471 471 230 221 0.02678 0.0805
472 472 240 221 0.01909 0.06198
473 473 262 222 0.00868 0.02826
474 474 361 222 0.02314 0.07413
475 475 372 223 0.01777 0.03124
476 476 613 223 0.05661 0.1305
477 477 425 224 0.03083 0.10008
478 478 225 510 0.01868 0.05678
479 479 2218 225 0.03884 0.12645
480 480 227 226 0.00661 0.01992
481 481 226 348 0.02678 0.08058
482 482 354 228 0.0195 0.06314
483 483 392 228 0.02521 0.08223
484 484 301 229 0.04314 0.08281
485 485 431 229 0.01066 0.03231
486 486 466 230 0.05099 0.15479
487 487 231 365 0.03182 0.05851
488 488 232 366 0.03256 0.06124
489 489 341 233 0.01975 0.06496
490 490 354 234 0.00182 0.01273
491 491 517 234 0.00116 0.00802
492 492 251 235 0.00256 0.02273
493 493 355 235 0.00174 0.01207
494 494 236 384 0.00347 0.01132
495 495 236 385 0.00331 0.01091
496 496 373 237 0.01992 0.06438
497 497 516 237 0.01587 0.05388
498 498 238 361 0.00306 0.01
499 499 492 238 0.04405 0.13372
500 500 284 239 0.04339 0.07157
501 501 340 240 0.06769 0.11901
502 502 240 401 0.0043 0.01388
503 503 414 240 0.06107 0.10165
504 504 241 287 0.01116 0.03041
505 505 503 241 0.00421 0.01165
506 506 324 242 0.00851 0.02793
507 507 440 242 0.05554 0.12165
508 508 306 243 0.00207 0.00529
509 509 309 243 0.00868 0.02826
510 510 486 244 0.01314 0.03471
511 511 520 244 0.00488 0.01579
512 512 253 245 0.01876 0.05198
513 513 254 245 0.01967 0.06455
514 514 281 245 0.00306 0.00959
515 515 299 245 0.00711 0.02273
516 516 396 245 0.01802 0.04636
517 517 270 246 0.02091 0.06876
518 518 304 246 0.01058 0.02802
519 519 339 246 0.02281 0.07446
520 520 471 246 0.00463 0.01488
521 521 247 427 0.01413 0.03727
522 522 474 248 0.03033 0.09124
523 523 249 294 0.00397 0.01215
524 524 474 249 0.02364 0.07149
525 525 259 250 0.00901 0.02917
526 526 250 349 0.0057 0.01851
527 527 252 319 0.00364 0.02504
528 528 352 253 0.01711 0.04669
529 529 338 254 0.00413 0.01347
530 530 336 255 0.0243 0.07975
531 531 369 255 0.03124 0.09496
532 532 320 256 0.02165 0.04008
533 533 257 363 0.00711 0.02281
534 534 458 257 0.01372 0.04471
535 535 265 258 0.01661 0.04298
536 536 1753 258 0.02372 0.06124
537 537 436 259 0.00942 0.03041
538 538 260 365 0.0062 0.01777
539 539 493 260 0.02091 0.05273
540 540 261 272 0.00562 0.0181
541 541 261 353 0.01198 0.0386
542 542 438 262 0.01702 0.05512
543 543 323 263 0.02124 0.06975
544 544 411 263 0.01174 0.03793
545 545 516 264 0.01066 0.01868
546 546 537 264 0.03678 0.0638
547 547 283 265 0.02702 0.08744
548 548 422 265 0.00975 0.0295
549 549 408 266 0.03124 0.07942
550 550 525 266 0.01711 0.04364
551 551 280 267 0.00223 0.00678
552 552 267 519 0.00215 0.00645
553 553 268 527 0.00504 0.01521
554 554 332 269 0.02868 0.08818
555 555 511 269 0.03537 0.10331
556 556 271 446 0.0243 0.07893
557 557 272 353 0.00612 0.01975
558 558 304 273 0.00339 0.01124
559 559 281 274 0.0057 0.01372
560 560 288 274 0.00579 0.01661
561 561 275 280 0.00372 0.0119
562 562 275 534 0.00306 0.00992
563 563 276 299 0.00033 0.00091
564 564 292 277 0.00504 0.01612
565 565 293 277 0.00264 0.0086
566 566 406 277 0.00488 0.0124
567 567 526 278 0.00529 0.01645
568 568 534 278 0.00058 0.00198
569 569 441 279 0.00463 0.01388
570 570 472 281 0.00256 0.00826
571 571 291 282 0.00223 0.00727
572 572 471 282 0.00388 0.01256
573 573 350 283 0.01372 0.04455
574 574 1787 283 0.02471 0.06281
575 575 284 308 0.01826 0.05537
576 576 286 285 0.00694 0.02281
577 577 286 337 0.02017 0.06405
578 578 473 286 0.00694 0.02256
579 579 287 318 0.00669 0.01934
580 580 352 288 0.01281 0.04116
581 581 299 289 0.00769 0.02471
582 582 472 289 0.00256 0.00818
583 583 294 290 0.00612 0.0124
584 584 336 290 0.02 0.0338
585 585 429 291 0.00909 0.03058
586 586 296 293 8e-05 0.00033
587 587 346 294 0.03149 0.10347
588 588 524 294 0.02694 0.0819
589 589 302 295 0.01099 0.02322
590 590 425 295 0.05455 0.09471
591 591 537 295 0.05926 0.10455
592 592 519 296 0.00736 0.02388
593 593 298 297 0.00248 0.00802
594 594 297 353 0.02364 0.07736
595 595 525 298 0.01413 0.04653
596 596 430 300 0.03322 0.10785
597 597 658 300 0.05992 0.10149
598 598 708 300 0.04231 0.07529
599 599 442 303 0.02165 0.0724
600 600 2124 303 0.07686 0.09504
601 601 345 305 0.02314 0.05587
602 602 460 305 0.03942 0.12769
603 603 512 305 0.05322 0.13512
604 604 493 306 0.0081 0.01959
605 605 462 307 0.01967 0.05355
606 606 508 307 0.01248 0.03215
607 607 349 309 0.01545 0.04488
608 608 309 520 0.00413 0.01331
609 609 312 310 0.02339 0.0619
610 610 420 310 0.00248 0.00777
611 611 435 310 0.01967 0.05959
612 612 477 310 0.01405 0.04446
613 613 312 311 0 0.0001
614 614 372 311 0.0686 0.12
615 615 323 312 0.02314 0.07521
616 616 2245 313 0.0214 0.0676
617 617 381 314 0.06091 0.10124
618 618 387 314 0.04306 0.07157
619 619 315 341 0.01826 0.03157
620 620 2249 315 0.05446 0.10132
621 621 352 316 0.00339 0.01017
622 622 391 316 0.00479 0.01446
623 623 317 468 0.01273 0.03562
624 624 514 317 0.0005 0.00149
625 625 318 467 0.0005 0.00149
626 626 319 517 0.00661 0.04521
627 627 348 320 0.0157 0.04736
628 628 451 321 0.00157 0.00512
629 629 454 321 0.00744 0.01901
630 630 321 467 0.02364 0.05843
631 631 485 321 0.01083 0.02719
632 632 506 321 0.00438 0.01083
633 633 321 530 0.00529 0.01694
634 634 351 322 0.00645 0.02025
635 635 389 322 0.01223 0.02868
636 636 452 322 0.00207 0.00669
637 637 455 322 0.00314 0.01975
638 638 322 475 0.00397 0.01281
639 639 322 478 0.03752 0.09504
640 640 490 322 0.01364 0.03397
641 641 538 324 0.02264 0.03769
642 642 371 325 0.0043 0.01298
643 643 375 325 0.01132 0.03777
644 644 364 326 0.02868 0.09314
645 645 361 328 0.01182 0.03
646 646 375 329 0.0162 0.05405
647 647 374 330 0.01066 0.03463
648 648 360 331 0.00959 0.03099
649 649 395 334 0.03884 0.1276
650 650 369 335 0.04066 0.07066
651 651 2331 335 0.09669 0.11901
652 652 347 336 0.04736 0.08314
653 653 377 337 0.00545 0.01752
654 654 379 337 0.03702 0.12132
655 655 394 338 0.06058 0.10603
656 656 419 339 0.04041 0.13264
657 657 342 445 0.02595 0.08512
658 658 624 342 0.04727 0.08388
659 659 710 342 0.01397 0.04504
660 660 377 343 0.01182 0.01967
661 661 346 344 0.00397 0.01298
662 662 344 346 0.00678 0.01446
663 663 381 344 0.00653 0.01207
664 664 523 344 0.01702 0.05512
665 665 347 345 0.03967 0.1286
666 666 386 347 0.05926 0.19198
667 667 526 350 0.0238 0.07215
668 668 406 352 0.00595 0.01793
669 669 429 353 0.00785 0.02537
670 670 370 354 0.03529 0.13702
671 671 402 355 0.00355 0.02421
672 672 360 356 0.0076 0.02545
673 673 432 356 0.01835 0.06025
674 674 509 357 0.03116 0.08463
675 675 523 357 0.01975 0.06479
676 676 358 380 0.00719 0.01256
677 677 375 359 0.02455 0.0743
678 678 378 359 0.00198 0.0062
679 679 393 359 0.00562 0.01711
680 680 374 361 0.01289 0.04116
681 681 362 373 0.00835 0.0262
682 682 477 363 0.02066 0.06645
683 683 439 364 0.01983 0.06438
684 684 416 365 0.01074 0.03421
685 685 440 365 0.04058 0.07612
686 686 484 366 0.0162 0.04017
687 687 504 366 0.01893 0.06355
688 688 578 366 0.07463 0.13025
689 689 370 367 0.00488 0.01587
690 690 445 367 0.03 0.08868
691 691 376 368 0.00843 0.0214
692 692 433 368 0.01074 0.03479
693 693 378 371 0.00273 0.00818
694 694 393 373 0.00479 0.01603
695 695 395 374 0.04397 0.14529
696 696 428 374 0.02504 0.08223
697 697 432 379 0.03033 0.09967
698 698 410 380 0.03033 0.07331
699 699 1602 380 0.04207 0.1086
700 700 464 382 0.0014 0.00587
701 701 383 488 0.00057 0.00231
702 702 389 385 0.00496 0.01421
703 703 415 387 0.0238 0.0781
704 704 481 388 0.01372 0.03719
705 705 388 518 0.00554 0.01802
706 706 529 390 0.02934 0.09512
707 707 404 392 0.00149 0.00471
708 708 532 394 0.01471 0.04769
709 709 526 396 0.00496 0.01496
710 710 512 397 0.07868 0.13934
711 711 481 398 0.0224 0.03926
712 712 1129 399 0.02149 0.07107
713 713 404 400 0.00273 0.00785
714 714 434 401 0.01975 0.03736
715 715 403 517 0.00058 0.00397
716 716 405 444 0.00711 0.01248
717 717 446 405 0.00579 0.01174
718 718 407 431 0.01579 0.04785
719 719 526 407 0.00752 0.02264
720 720 417 408 0.02802 0.06182
721 721 532 409 0.0195 0.06331
722 722 660 409 0.02826 0.09669
723 723 525 410 0.01785 0.03273
724 724 412 411 0.00636 0.02091
725 725 423 411 0.11182 0.19074
726 726 426 411 0.0324 0.09587
727 727 413 412 0.00636 0.02074
728 728 612 413 0.04678 0.32397
729 729 643 413 0.07438 0.13025
730 730 451 416 0.01372 0.04438
731 731 447 417 0.01 0.02628
732 732 459 418 0.00256 0.00843
733 733 477 420 0.01397 0.04397
734 734 516 421 0.01074 0.03496
735 735 612 424 0.01636 0.05314
736 736 722 424 0.05223 0.09008
737 737 425 438 0.04893 0.15504
738 738 492 425 0.02256 0.07322
739 739 536 425 0.05446 0.09421
740 740 535 426 0.04174 0.07628
741 741 528 427 0.01653 0.05388
742 742 613 430 0.05653 0.18587
743 743 676 439 0.01719 0.0557
744 744 527 441 0.00405 0.01298
745 745 487 443 0.03289 0.05744
746 746 449 445 0.00645 0.01612
747 747 450 446 0.00405 0.00835
748 748 469 448 0.01298 0.04215
749 749 482 448 0.01893 0.06248
750 750 504 452 0.00314 0.00992
751 751 464 455 0.00562 0.01777
752 752 502 455 0.00099 0.00711
753 753 490 456 0.00479 0.01231
754 754 494 456 0.01339 0.03322
755 755 498 456 0.00041 0.00165
756 756 476 457 0.00868 0.02785
757 757 514 457 0.00653 0.01736
758 758 535 460 0.00537 0.01752
759 759 508 461 0.01017 0.02463
760 760 515 461 0.00124 0.00306
761 761 465 462 0.00264 0.00851
762 762 497 463 0.00207 0.00694
763 763 514 463 0.00727 0.02066
764 764 515 464 0.00727 0.02066
765 765 494 465 0.01339 0.03876
766 766 468 531 0.00058 0.00174
767 767 470 923 0.00992 0.02975
768 768 479 475 0.0024 0.00785
769 769 507 476 0.00463 0.01231
770 770 521 476 0.00455 0.01471
771 771 501 477 0.00851 0.02207
772 772 518 477 0.00686 0.02207
773 773 478 531 0.00355 0.0114
774 774 480 530 0.00215 0.00694
775 775 487 481 0.00595 0.01157
776 776 482 1078 0.05702 0.11322
777 777 2043 482 0.05926 0.10397
778 778 488 483 0.00057 0.00231
779 779 483 502 0.00041 0.0019
780 780 494 484 0.01793 0.04802
781 781 489 485 0.00322 0.00793
782 782 507 486 0.00413 0.01099
783 783 500 489 0.00388 0.00942
784 784 505 489 0.00661 0.02231
785 785 491 490 0.00231 0.00686
786 786 494 491 0.01273 0.04132
787 787 496 493 0.00438 0.01058
788 788 500 493 0.00438 0.01066
789 789 505 493 0.00579 0.01893
790 790 495 494 0.00438 0.01058
791 791 497 506 0.01405 0.03967
792 792 502 499 0.00083 0.00372
793 793 515 501 0.00727 0.0176
794 794 515 503 0.00355 0.00992
795 795 512 509 0.01107 0.01934
796 796 524 511 0.0395 0.06909
797 797 518 522 0.00273 0.0095
798 798 526 519 0.00562 0.01818
799 799 525 528 0.01215 0.03934
800 800 538 536 0.01488 0.02612
801 801 540 539 0 0.0001
802 802 559 539 0.02562 0.08281
803 803 633 539 0.00397 0.01298
804 804 737 539 0.01207 0.03893
805 805 776 539 0.01174 0.02025
806 806 544 540 0.02975 0.07983
807 807 634 540 0.00397 0.01281
808 808 650 540 0.00413 0.03066
809 809 652 540 0.00562 0.00992
810 810 653 540 0.01372 0.04438
811 811 541 685 0.0157 0.05074
812 812 712 542 0.02678 0.08653
813 813 737 542 0.01884 0.06099
814 814 751 542 0.02512 0.08107
815 815 560 543 0.01793 0.05802
816 816 617 543 0.02207 0.05917
817 817 740 543 0.02537 0.06736
818 818 544 696 0.01421 0.04603
819 819 546 545 0 0.0001
820 820 587 545 0.03124 0.10107
821 821 727 545 0.03306 0.10686
822 822 756 545 0.02355 0.07562
823 823 575 546 0.03198 0.10347
824 824 725 546 0.00612 0.01992
825 825 730 546 0.00463 0.01479
826 826 739 546 0.03182 0.07959
827 827 755 546 0.1362 0.23512
828 828 631 547 0.00777 0.02512
829 829 672 547 0.00355 0.01157
830 830 751 547 0.00413 0.01322
831 831 573 548 0.01628 0.05273
832 832 660 548 0.02074 0.06727
833 833 550 549 0.00835 0.02702
834 834 671 549 0.08678 0.14975
835 835 760 549 0.05818 0.10041
836 836 761 550 0.01843 0.0595
837 837 746 551 0.03826 0.06562
838 838 551 750 0.04 0.06182
839 839 757 551 0.01025 0.0181
840 840 784 551 0.00587 0.01033
841 841 553 552 0.0057 0.0186
842 842 588 552 0.03107 0.10041
843 843 643 552 0.03322 0.10736
844 844 771 552 0.03231 0.10438
845 845 658 553 0.05835 0.09876
846 846 703 554 0.03843 0.10074
847 847 744 554 0.04893 0.12777
848 848 555 693 0.00496 0.01339
849 849 555 785 0.03628 0.09421
850 850 559 556 0.02934 0.09479
851 851 674 556 0.03033 0.0981
852 852 781 556 0.02256 0.07289
853 853 558 557 0.0057 0.01851
854 854 690 557 0.02174 0.03835
855 855 733 557 0.02463 0.05959
856 856 579 558 0.03562 0.11521
857 857 617 560 0.0124 0.05413
858 858 568 561 0.01479 0.03083
859 859 569 562 0.01843 0.03331
860 860 569 563 0.00793 0.01893
861 861 571 563 0.00785 0.01835
862 862 598 564 0.01595 0.03174
863 863 655 564 0.01124 0.01975
864 864 669 564 0.02628 0.04694
865 865 654 565 0.00529 0.01686
866 866 655 565 0.01083 0.01909
867 867 664 565 0.07694 0.13256
868 868 762 565 0.01579 0.05107
869 869 568 566 0.00851 0.02785
870 870 571 566 0.00942 0.0305
871 871 700 567 0.02397 0.08322
872 872 716 567 0.00901 0.03107
873 873 569 568 0 0.0001
874 874 672 568 0.04116 0.13289
875 875 712 568 0.03116 0.05504
876 876 656 569 0.0557 0.0995
877 877 712 569 0.03215 0.05504
878 878 666 570 0.04777 0.09058
879 879 733 570 0.02273 0.04661
880 880 694 572 0.04843 0.08438
881 881 722 572 0.0376 0.06554
882 882 594 573 0.01777 0.05736
883 883 613 573 0.02058 0.06612
884 884 710 574 0.00355 0.01157
885 885 741 575 0.03851 0.12463
886 886 576 721 0.02207 0.07124
887 887 732 576 0.00016 0.0005
888 888 581 577 0.01306 0.02455
889 889 685 577 0.04455 0.08926
890 890 661 578 0.0295 0.05182
891 891 582 579 0.01124 0.02777
892 892 580 644 0.02033 0.06562
893 893 755 581 0.04521 0.07926
894 894 765 581 0.00826 0.01463
895 895 688 582 0.03521 0.07645
896 896 749 582 0.00818 0.02645
897 897 607 583 0.00967 0.0262
898 898 619 583 0.02074 0.06702
899 899 584 585 0.0105 0.03306
900 900 697 584 0.02661 0.08603
901 901 585 778 0.04876 0.15769
902 902 762 586 0.01479 0.04769
903 903 765 586 0.00744 0.01314
904 904 628 587 0.00983 0.03182
905 905 595 588 0.01917 0.06231
906 906 643 588 0.02636 0.08521
907 907 717 589 0.04066 0.11116
908 908 753 589 0.02777 0.07769
909 909 755 590 0.03298 0.10669
910 910 780 590 0.0614 0.1986
911 911 591 596 0.00942 0.03041
912 912 667 591 0.00512 0.0124
913 913 592 593 0.00959 0.02017
914 914 592 738 0.03488 0.06488
915 915 772 593 0.03917 0.06603
916 916 713 594 0.02099 0.06785
917 917 771 595 0.03066 0.09909
918 918 596 742 0.0314 0.07818
919 919 597 778 0.03554 0.11504
920 920 675 598 0.0162 0.05223
921 921 694 599 0.01917 0.06198
922 922 669 600 0.04545 0.08091
923 923 727 600 0.00967 0.03149
924 924 630 601 0.02826 0.0914
925 925 708 601 0.02182 0.07066
926 926 604 602 0.00455 0.01471
927 927 602 615 0.00306 0.00983
928 928 604 603 0.00446 0.01455
929 929 706 603 0.01405 0.04537
930 930 605 615 0.0076 0.02455
931 931 626 605 0.00446 0.01388
932 932 606 670 0.0062 0.02
933 933 606 926 0.01901 0.05868
934 934 670 607 0.0062 0.02
935 935 690 608 0.01521 0.04901
936 936 677 609 0.0181 0.05851
937 937 609 680 0.02132 0.06893
938 938 668 610 0.0127 0.03297
939 939 694 610 0.01075 0.0282
940 940 683 611 0.01281 0.02182
941 941 750 611 0.03992 0.06793
942 942 613 612 0 0.0001
943 943 769 612 0.03471 0.11256
944 944 627 613 0.01372 0.04446
945 945 614 626 0.00603 0.01942
946 946 707 614 0.02289 0.07413
947 947 665 615 0.05736 0.10083
948 948 774 615 0.02446 0.04322
949 949 618 616 0.00058 0.0019
950 950 616 619 0.00149 0.00264
951 951 617 620 0.0057 0.01603
952 952 620 618 0.01149 0.02967
953 953 756 619 0.02223 0.0714
954 954 622 621 0.00413 0.00711
955 955 746 621 0.02893 0.04975
956 956 624 622 0.00157 0.00306
957 957 663 623 0.04579 0.12752
958 958 712 623 0.01901 0.05116
959 959 690 625 0.0343 0.11099
960 960 625 1348 0.03719 0.06033
961 961 691 627 0.01851 0.06
962 962 699 628 0.02017 0.06529
963 963 727 628 0.03893 0.12595
964 964 667 629 0.04455 0.14413
965 965 763 629 0.08306 0.14868
966 966 645 630 0.01967 0.06364
967 967 645 631 0.02314 0.06628
968 968 634 632 0.01306 0.04207
969 969 649 632 0.00777 0.02512
970 970 634 633 0 0.0001
971 971 645 633 0.03322 0.10752
972 972 637 635 0.00207 0.00661
973 973 732 635 0.01992 0.03711
974 974 742 635 0.01694 0.05488
975 975 636 740 0.01405 0.03645
976 976 744 636 0.01917 0.04983
977 977 743 637 0.03488 0.11281
978 978 639 638 0.00124 0.00397
979 979 650 638 0.00314 0.01025
980 980 650 639 0.00545 0.00959
981 981 639 653 0.00107 0.00802
982 982 640 644 0.01083 0.01917
983 983 653 640 0.00455 0.00802
984 984 644 641 0.01339 0.02686
985 985 645 641 0.00959 0.03116
986 986 647 641 0.00463 0.01579
987 987 678 642 0.03132 0.1014
988 988 785 642 0.04719 0.08521
989 989 645 644 0 0.0001
990 990 650 644 0.0038 0.0286
991 991 686 644 0.06372 0.20612
992 992 734 644 0.01132 0.04926
993 993 650 645 0.00231 0.02413
994 994 646 770 0.03917 0.12669
995 995 773 646 0.02066 0.06686
996 996 649 647 0.01273 0.04099
997 997 651 648 0.00256 0.00826
998 998 652 648 0.00446 0.00793
999 999 776 651 0.01306 0.02165
1000 1000 655 654 0.00876 0.01455
1001 1001 701 655 0.01091 0.01926
1002 1002 773 656 0.04099 0.07364
1003 1003 1444 657 0.01901 0.03388
1004 1004 1486 657 0.02149 0.0405
1005 1005 659 703 0.01678 0.02959
1006 1006 659 703 0.01455 0.0257
1007 1007 769 661 0.01512 0.05132
1008 1008 663 662 0 0.0001
1009 1009 760 662 0.02463 0.04488
1010 1010 782 662 0.01017 0.03298
1011 1011 778 663 0.01496 0.04661
1012 1012 780 663 0.06909 0.12273
1013 1013 689 664 0.02132 0.06595
1014 1014 676 665 0.01364 0.07041
1015 1015 706 665 0.02198 0.06843
1016 1016 707 666 0.00967 0.03157
1017 1017 703 667 0.04463 0.07884
1018 1018 696 668 0.03485 0.07019
1019 1019 670 1469 0.04959 0.07521
1020 1020 754 671 0.01207 0.02074
1021 1021 750 673 0.02488 0.07223
1022 1022 674 695 0.01107 0.03579
1023 1023 675 758 0.02066 0.06678
1024 1024 679 677 0.01636 0.05306
1025 1025 679 678 0 0.0001
1026 1026 684 678 0.02306 0.07157
1027 1027 731 678 0.07207 0.1381
1028 1028 750 678 0.06909 0.1238
1029 1029 683 679 0.01322 0.0343
1030 1030 684 679 0.02306 0.07157
1031 1031 685 679 0.05 0.10909
1032 1032 680 688 0.02967 0.06636
1033 1033 680 701 0.02157 0.04744
1034 1034 682 681 0.00033 0.00058
1035 1035 770 686 0.03793 0.12298
1036 1036 745 687 0.00405 0.01298
1037 1037 687 747 0.00281 0.00901
1038 1038 689 688 0 0.0001
1039 1039 1359 688 0.04793 0.06281
1040 1040 749 689 0.0224 0.0724
1041 1041 689 1402 0.04132 0.13967
1042 1042 691 692 0.01934 0.06264
1043 1043 718 692 0.02702 0.0876
1044 1044 694 693 0.00372 0.00884
1045 1045 695 696 0.00521 0.01694
1046 1046 766 697 0.01752 0.05678
1047 1047 698 702 0.01802 0.03182
1048 1048 704 698 0.00165 0.00537
1049 1049 699 703 0.03769 0.1219
1050 1050 710 700 0.02322 0.07521
1051 1051 702 703 0.0238 0.0538
1052 1052 703 704 0.01083 0.01917
1053 1053 709 705 0.00777 0.01686
1054 1054 728 705 0.00355 0.00628
1055 1055 707 706 0 0.0001
1056 1056 772 707 0.0162 0.02843
1057 1057 716 709 0.02289 0.0519
1058 1058 720 709 0.02521 0.05744
1059 1059 714 711 0.01777 0.05736
1060 1060 727 711 0.02438 0.07802
1061 1061 729 711 0.00174 0.00562
1062 1062 720 713 0.00579 0.00992
1063 1063 724 714 0.00322 0.0105
1064 1064 739 715 0.00917 0.02289
1065 1065 715 1190 0.02397 0.05372
1066 1066 717 716 0 0.0001
1067 1067 750 716 0.05331 0.13339
1068 1068 785 716 0.0519 0.1314
1069 1069 719 717 0.01521 0.02562
1070 1070 728 717 0.01686 0.02983
1071 1071 736 717 0.03826 0.06752
1072 1072 719 718 0.00851 0.01438
1073 1073 755 721 0.01719 0.0557
1074 1074 726 723 0.02264 0.07314
1075 1075 748 723 0.00372 0.0119
1076 1076 730 724 0.00744 0.02405
1077 1077 748 725 0.00818 0.02653
1078 1078 727 726 0 0.0001
1079 1079 729 726 0.02711 0.08777
1080 1080 743 726 0.02306 0.07463
1081 1081 754 731 0.05876 0.12025
1082 1082 735 734 0.0024 0.0076
1083 1083 737 735 0.00298 0.00959
1084 1084 777 736 0.00884 0.01488
1085 1085 1430 738 0.03884 0.06446
1086 1086 752 740 0.00256 0.00818
1087 1087 779 740 0.00868 0.01537
1088 1088 752 741 0.00636 0.02058
1089 1089 768 744 0.02058 0.03628
1090 1090 784 745 0.0038 0.0124
1091 1091 777 747 0.00041 0.0119
1092 1092 753 750 0.00289 0.00777
1093 1093 759 754 0.00397 0.00694
1094 1094 781 755 0.02868 0.09281
1095 1095 774 757 0.03124 0.05512
1096 1096 758 759 0.00851 0.02744
1097 1097 764 763 0.01413 0.02694
1098 1098 767 763 0.02777 0.08975
1099 1099 778 764 0.06347 0.1138
1100 1100 778 766 0.03752 0.1214
1101 1101 779 768 0.02802 0.0905
1102 1102 771 770 0.04041 0.13058
1103 1103 775 1133 0.04545 0.07934
1104 1104 775 1414 0.01405 0.04298
1105 1105 783 778 0.00347 0.00901
1106 1106 783 782 0.00678 0.0219
1107 1107 1183 786 0.0124 0.04545
1108 1108 1184 787 0.0124 0.04545
1109 1109 1484 788 0.00165 0.00207
1110 1110 1483 789 0.00165 0.00207
1111 1111 1483 790 0.00083 0.00124
1112 1112 1483 791 0.00083 0.00165
1113 1113 1240 792 0.00496 0.01405
1114 1114 1525 792 0.00413 0.0124
1115 1115 793 1514 0.04793 0.06033
1116 1116 1334 794 0.00331 0.01157
1117 1117 1385 794 0.00661 0.01983
1118 1118 1108 795 0.01405 0.02479
1119 1119 795 1520 0.01818 0.02397
1120 1120 797 796 0 0.0001
1121 1121 880 796 0.00579 0.01736
1122 1122 1011 796 0.01074 0.03306
1123 1123 1103 796 0.00331 0.00992
1124 1124 1419 796 0.00413 0.01074
1125 1125 1596 796 0.00496 0.00826
1126 1126 881 797 0.00579 0.01736
1127 1127 899 797 0.01736 0.05041
1128 1128 1004 797 0.0124 0.02397
1129 1129 1379 797 0.00826 0.02645
1130 1130 1597 797 0.00496 0.00826
1131 1131 799 798 0 0.0001
1132 1132 1134 798 0 0.00083
1133 1133 1163 798 0.0124 0.03967
1134 1134 798 1299 0.00083 0.00248
1135 1135 799 996 0.01405 0.0438
1136 1136 1135 799 0 0.00165
1137 1137 799 1300 0.00083 0.00248
1138 1138 800 1356 0.00083 0.00248
1139 1139 801 1356 0.00083 0.00248
1140 1140 1087 802 0.00496 0.01322
1141 1141 802 1586 0.00083 0.00248
1142 1142 1483 803 0.00496 0.0157
1143 1143 1345 804 0.0124 0.0438
1144 1144 1426 804 0.01818 0.06281
1145 1145 805 1592 0 0.00083
1146 1146 806 807 0 0.00083
1147 1147 807 1328 0.01074 0.0281
1148 1148 807 1479 0.00579 0.02066
1149 1149 808 971 0.00826 0.02562
1150 1150 808 1227 0.00413 0.01488
1151 1151 904 809 0.00661 0.01901
1152 1152 1216 809 0.01818 0.04463
1153 1153 1502 810 0.02149 0.0686
1154 1154 811 812 0.00083 0.00124
1155 1155 812 860 0.02066 0.02645
1156 1156 918 812 0.01818 0.05868
1157 1157 813 877 0.00331 0.01074
1158 1158 813 1054 0.00579 0.02066
1159 1159 1462 814 0.00331 0.01157
1160 1160 1488 814 0.00413 0.01322
1161 1161 928 815 0.00083 0.00248
1162 1162 1156 815 0.00496 0.01488
1163 1163 1315 815 0.00248 0.00744
1164 1164 816 817 0.00083 0.00165
1165 1165 817 1079 0.02314 0.0314
1166 1166 1477 817 0.01653 0.02066
1167 1167 819 818 0.01653 0.02727
1168 1168 819 954 0.01818 0.05455
1169 1169 993 819 0.01405 0.03884
1170 1170 820 838 0.00413 0.0124
1171 1171 1393 820 0.03719 0.09174
1172 1172 822 821 0 0.0001
1173 1173 843 821 0.01074 0.0314
1174 1174 920 821 0.01157 0.03636
1175 1175 1076 821 0.00661 0.02149
1176 1176 1199 821 0.00331 0.01074
1177 1177 1558 821 0.00661 0.02231
1178 1178 844 822 0.00992 0.03058
1179 1179 919 822 0.01157 0.03636
1180 1180 924 822 0.00909 0.03058
1181 1181 1355 822 0.00248 0.00826
1182 1182 1559 822 0.00661 0.02231
1183 1183 825 823 0.00083 0.00165
1184 1184 826 824 0.00083 0.00165
1185 1185 825 1232 0.00165 0.00579
1186 1186 1566 825 0.00496 0.01488
1187 1187 826 1003 0.00165 0.00579
1188 1188 1566 826 0.00496 0.01488
1189 1189 827 911 0.00413 0.01488
1190 1190 1337 827 0.03306 0.05702
1191 1191 828 829 0.00992 0.03058
1192 1192 829 1268 0.01901 0.05785
1193 1193 1489 829 0.00661 0.01983
1194 1194 830 883 0.00579 0.01736
1195 1195 830 1334 0.00165 0.00496
1196 1196 833 831 0.01405 0.01818
1197 1197 1154 832 0.00909 0.02645
1198 1198 833 1230 0.01818 0.04463
1199 1199 1553 833 0.02645 0.06364
1200 1200 886 834 0.0281 0.07025
1201 1201 991 834 0.03223 0.10248
1202 1202 1175 834 0.01488 0.04463
1203 1203 1178 834 0.01488 0.0405
1204 1204 1467 834 0.02479 0.06116
1205 1205 1020 835 0.03884 0.1
1206 1206 1106 835 0.00744 0.02231
1207 1207 890 836 0.00909 0.02231
1208 1208 1105 836 0.00744 0.02231
1209 1209 836 1365 0.03884 0.09587
1210 1210 837 1097 0.00909 0.02479
1211 1211 1552 837 0.00413 0.01322
1212 1212 966 838 0.00248 0.00826
1213 1213 840 839 0.02645 0.03636
1214 1214 1349 839 0.01818 0.05785
1215 1215 840 887 0.07107 0.12727
1216 1216 1562 840 0.0124 0.02397
1217 1217 841 1095 0.00083 0.00165
1218 1218 842 1096 0.00083 0.00165
1219 1219 845 870 0.00083 0.00165
1220 1220 846 871 0.00083 0.00165
1221 1221 847 871 0.00083 0.00165
1222 1222 848 870 0.00083 0.00124
1223 1223 849 1320 0.00909 0.02397
1224 1224 1426 849 0.01818 0.04215
1225 1225 1087 850 0.00496 0.01405
1226 1226 1594 850 0.00579 0.01818
1227 1227 1066 851 0.00579 0.01736
1228 1228 851 1328 0.00826 0.02727
1229 1229 1538 851 0.02397 0.07603
1230 1230 1560 852 0.00992 0.02479
1231 1231 852 1589 0.00331 0.00992
1232 1232 853 855 0.00083 0.00165
1233 1233 854 856 0.00165 0.00413
1234 1234 855 997 0.00083 0.00331
1235 1235 1573 855 0.00413 0.01157
1236 1236 864 856 0.00248 0.00744
1237 1237 856 997 0.00083 0.00165
1238 1238 857 1169 0.02479 0.06529
1239 1239 1293 857 0.02231 0.05455
1240 1240 858 945 0.00331 0.01074
1241 1241 1162 858 0.00661 0.01983
1242 1242 1173 858 0.00165 0.00248
1243 1243 858 1205 0.00496 0.01736
1244 1244 1372 858 0.00661 0.01653
1245 1245 859 946 0.00331 0.01074
1246 1246 1113 859 0.00826 0.02231
1247 1247 1174 859 0.00165 0.00248
1248 1248 1358 859 0.00661 0.01983
1249 1249 859 1362 0.00248 0.00826
1250 1250 860 1556 0.02314 0.02893
1251 1251 1107 861 0.01901 0.06033
1252 1252 1585 861 0.00496 0.0157
1253 1253 947 862 0.00248 0.00661
1254 1254 1561 862 0.01488 0.03388
1255 1255 864 863 0.00331 0.01157
1256 1256 990 864 0.00413 0.01405
1257 1257 1432 865 0.00413 0.00909
1258 1258 1575 865 0.03306 0.07934
1259 1259 866 1196 0.00661 0.02149
1260 1260 1531 866 0.00413 0.01405
1261 1261 867 869 0.00496 0.01405
1262 1262 1288 868 0.00496 0.0157
1263 1263 888 869 0 0.00083
1264 1264 869 914 0.01322 0.04298
1265 1265 1214 870 0.0157 0.03636
1266 1266 1411 870 0.00661 0.01983
1267 1267 1418 870 0.00826 0.02645
1268 1268 896 871 0.01488 0.04132
1269 1269 1418 871 0.00826 0.02645
1270 1270 1020 872 0.00413 0.01322
1271 1271 872 1384 0.02562 0.06694
1272 1272 873 874 0.00992 0.03223
1273 1273 874 1098 0 0.00083
1274 1274 1552 874 0.00992 0.02975
1275 1275 875 876 0.00248 0.00331
1276 1276 1323 876 0.00661 0.01901
1277 1277 876 1389 0.02231 0.04132
1278 1278 1050 877 0.01074 0.03471
1279 1279 879 878 0 0.0001
1280 1280 1320 878 0.00661 0.0157
1281 1281 1543 878 0.01405 0.02645
1282 1282 879 1325 0.0124 0.03388
1283 1283 1426 879 0.02397 0.05868
1284 1284 1470 882 0.01901 0.0595
1285 1285 882 1503 0.03471 0.10909
1286 1286 1490 883 0.00165 0.00579
1287 1287 885 884 0.00165 0.00413
1288 1288 885 890 0.05702 0.0843
1289 1289 1476 885 0.05455 0.07107
1290 1290 1294 886 0.02645 0.06612
1291 1291 887 1178 0.03719 0.07521
1292 1292 996 888 0.00744 0.02314
1293 1293 1076 889 0.00579 0.01736
1294 1294 1207 889 0.00496 0.01488
1295 1295 891 1057 0.00331 0.00909
1296 1296 1459 891 0.00413 0.01488
1297 1297 893 892 0 0.0001
1298 1298 1013 892 0.00165 0.00496
1299 1299 1206 892 0.00496 0.01405
1300 1300 1448 892 0.00496 0.0157
1301 1301 1312 893 0.00496 0.01488
1302 1302 1449 893 0.00496 0.0157
1303 1303 894 1077 0.00744 0.02397
1304 1304 1514 894 0.00496 0.01653
1305 1305 986 895 0.00083 0.00331
1306 1306 1424 895 0.00661 0.02149
1307 1307 1083 896 0.00744 0.01818
1308 1308 897 898 0 0.00083
1309 1309 898 1289 0.03636 0.05041
1310 1310 2089 898 0.02149 0.02727
1311 1311 923 899 0.01653 0.04959
1312 1312 1230 900 0.00083 0.00248
1313 1313 1482 900 0.01322 0.03884
1314 1314 961 901 0.01074 0.02397
1315 1315 901 1561 0.00331 0.00826
1316 1316 903 902 0.00165 0.00413
1317 1317 903 916 0.00413 0.0157
1318 1318 1184 903 0.00413 0.01653
1319 1319 1201 904 0.00413 0.0124
1320 1320 906 905 0 0.0001
1321 1321 905 1372 0.00165 0.00413
1322 1322 905 1569 0.00165 0.00579
1323 1323 1095 906 0.00331 0.01157
1324 1324 1570 906 0.00165 0.00661
1325 1325 907 1201 0.00248 0.01488
1326 1326 908 1203 0.00248 0.01488
1327 1327 1387 908 0.00413 0.00744
1328 1328 1058 909 0.00579 0.00992
1329 1329 1245 909 0.01157 0.03554
1330 1330 910 1156 0.00661 0.01983
1331 1331 910 1251 0.00248 0.00744
1332 1332 911 979 0.00992 0.0686
1333 1333 911 1478 0.00579 0.0405
1334 1334 912 965 0.00909 0.04132
1335 1335 1025 912 0.05124 0.16198
1336 1336 1293 912 0.03471 0.11074
1337 1337 1294 912 0.03471 0.11074
1338 1338 1420 912 0.01488 0.04628
1339 1339 912 1572 0.00331 0.02231
1340 1340 1454 913 0.02645 0.06364
1341 1341 1577 913 0.01983 0.05124
1342 1342 1279 914 0.00248 0.00744
1343 1343 933 915 0.00083 0.00248
1344 1344 1072 915 0.00083 0.00248
1345 1345 1095 915 0.00331 0.01322
1346 1346 1236 915 0.00248 0.00826
1347 1347 934 916 0.00083 0.00248
1348 1348 1073 916 0.00083 0.00248
1349 1349 1095 916 0.00331 0.01322
1350 1350 917 1413 0.02149 0.06529
1351 1351 1426 917 0.02397 0.07273
1352 1352 1503 918 0.01488 0.04545
1353 1353 974 919 0.02066 0.05455
1354 1354 919 1049 0.01983 0.06364
1355 1355 1077 919 0.00744 0.02397
1356 1356 1102 920 0.00496 0.00826
1357 1357 920 1343 0.00744 0.02479
1358 1358 1575 920 0.02066 0.05124
1359 1359 921 1207 0.00909 0.0281
1360 1360 921 1344 0.00744 0.02479
1361 1361 1513 921 0.01983 0.06033
1362 1362 922 923 0 0.00083
1363 1363 924 1071 0.00579 0.01901
1364 1364 925 926 0.00083 0.00165
1365 1365 926 1190 0.01653 0.05041
1366 1366 927 928 0.00083 0.00331
1367 1367 1220 928 0.00248 0.00826
1368 1368 929 1139 0.00826 0.02645
1369 1369 929 1240 0.00413 0.01157
1370 1370 1410 929 0.02562 0.04215
1371 1371 1138 930 0.00248 0.00826
1372 1372 932 931 0.00083 0.00165
1373 1373 932 1381 0.00083 0.00331
1374 1374 1452 932 0.00165 0.00579
1375 1375 935 936 0.00083 0.00248
1376 1376 1235 936 0.00496 0.01322
1377 1377 936 1565 0.00165 0.00496
1378 1378 937 938 0 0.00083
1379 1379 1095 938 0.00165 0.00413
1380 1380 938 1531 0.00165 0.00579
1381 1381 939 1416 0.00909 0.02727
1382 1382 1513 939 0.00248 0.00826
1383 1383 940 944 0 0.00083
1384 1384 941 944 0 0.00083
1385 1385 957 942 0.00579 0.01983
1386 1386 942 1096 0.00165 0.00496
1387 1387 1274 943 0.00579 0.01653
1388 1388 1539 943 0.00331 0.00744
1389 1389 944 1117 0.00496 0.01488
1390 1390 944 1591 0.00413 0.0124
1391 1391 947 1229 0.00331 0.00744
1392 1392 948 1199 0.00496 0.01736
1393 1393 1256 948 0.00826 0.02727
1394 1394 1087 949 0.00413 0.01405
1395 1395 949 1422 0.00992 0.0314
1396 1396 950 979 0.00165 0.00248
1397 1397 951 978 0.00165 0.00248
1398 1398 953 952 0.00248 0.00331
1399 1399 953 1075 0.01157 0.03471
1400 1400 1184 953 0.00579 0.01736
1401 1401 954 968 0.01488 0.0438
1402 1402 997 955 0.00496 0.01653
1403 1403 997 956 0.00331 0.00992
1404 1404 1063 957 0.00331 0.01074
1405 1405 1469 958 0.00413 0.00744
1406 1406 1168 959 0.05372 0.07521
1407 1407 1350 959 0.05041 0.08264
1408 1408 960 961 0.00165 0.00579
1409 1409 1282 961 0.00248 0.00661
1410 1410 978 962 0.01157 0.03636
1411 1411 1581 962 0.02314 0.07273
1412 1412 963 1331 0.00413 0.00909
1413 1413 1460 963 0.00496 0.01405
1414 1414 1338 964 0.01322 0.03636
1415 1415 964 1345 0.01488 0.0405
1416 1416 965 973 0.00661 0.01983
1417 1417 967 966 0 0.0001
1418 1418 966 1149 0.03306 0.09917
1419 1419 966 1215 0.03884 0.11983
1420 1420 1263 966 0.01074 0.03554
1421 1421 967 982 0.04132 0.07686
1422 1422 1268 967 0.0562 0.1876
1423 1423 967 1324 0.00909 0.01736
1424 1424 967 1502 0.04959 0.21074
1425 1425 979 968 0.06364 0.12975
1426 1426 1025 968 0.04711 0.08926
1427 1427 1516 968 0.01322 0.0405
1428 1428 969 971 0 0.00083
1429 1429 972 970 0.00083 0.00331
1430 1430 971 1382 0.00083 0.00248
1431 1431 972 1235 0.00826 0.02066
1432 1432 1384 972 0.00083 0.00165
1433 1433 979 973 0.00661 0.02149
1434 1434 1480 973 0.00248 0.00744
1435 1435 1481 973 0.00248 0.00744
1436 1436 974 1431 0.03802 0.09504
1437 1437 1354 975 0.00579 0.01818
1438 1438 1366 975 0.00661 0.02149
1439 1439 976 1415 0 0.00083
1440 1440 977 1415 0 0.00083
1441 1441 998 978 0.01653 0.05207
1442 1442 978 1024 0.09669 0.19504
1443 1443 1293 978 0.03884 0.07603
1444 1444 1318 978 0.03471 0.07355
1445 1445 1478 978 0.00496 0.0314
1446 1446 1319 979 0.03471 0.07355
1447 1447 979 1501 0.01157 0.03471
1448 1448 981 980 0.00331 0.00413
1449 1449 981 1292 0.00165 0.00496
1450 1450 1402 981 0.02149 0.06116
1451 1451 982 1470 0.03554 0.07025
1452 1452 985 983 0.00248 0.00496
1453 1453 986 984 0.00165 0.00413
1454 1454 1058 985 0.00579 0.01074
1455 1455 985 1306 0.00248 0.00413
1456 1456 1307 986 0.00165 0.00413
1457 1457 987 989 0.00248 0.00744
1458 1458 988 990 0.00248 0.00661
1459 1459 989 996 0.00744 0.02314
1460 1460 1125 989 0 0.00083
1461 1461 1126 990 0 0.00083
1462 1462 1501 991 0.01736 0.05289
1463 1463 1183 992 0.00496 0.01405
1464 1464 992 1459 0.00083 0.00165
1465 1465 994 993 0 0.0001
1466 1466 994 1289 0.01488 0.02479
1467 1467 1407 994 0.03058 0.06033
1468 1468 1017 995 0.0124 0.03802
1469 1469 1112 995 0.00165 0.00496
1470 1470 1145 995 0.00909 0.02645
1471 1471 1378 995 0.00413 0.00909
1472 1472 1539 995 0.00826 0.02314
1473 1473 1401 996 0.00909 0.02727
1474 1474 1111 997 0.00083 0.00331
1475 1475 1127 997 0.00909 0.02562
1476 1476 1222 997 0.00909 0.02562
1477 1477 1572 998 0.00331 0.01074
1478 1478 1241 999 0.00579 0.0157
1479 1479 999 1311 0.00909 0.02975
1480 1480 1000 1556 0.00083 0.00165
1481 1481 1001 1556 0.00083 0.00165
1482 1482 1002 1003 0.00165 0.00496
1483 1483 1003 1491 0.00413 0.01157
1484 1484 1008 1004 0.00496 0.00909
1485 1485 1005 1007 0.00083 0.00248
1486 1486 1006 1008 0 0.00083
1487 1487 1007 1010 0.00248 0.00413
1488 1488 1553 1007 0.00413 0.00661
1489 1489 1552 1008 0.00413 0.00661
1490 1490 1371 1009 0 0.00083
1491 1491 1552 1011 0.00744 0.0157
1492 1492 1193 1012 0.02645 0.04132
1493 1493 1553 1012 0.04545 0.05702
1494 1494 1014 1017 0.00083 0.00165
1495 1495 1015 1019 0.00083 0.00331
1496 1496 1016 1018 0.00083 0.00165
1497 1497 1191 1017 0.00083 0.00331
1498 1498 1192 1018 0.00083 0.00248
1499 1499 1018 1401 0.00413 0.0124
1500 1500 1019 1191 0.00083 0.00248
1501 1501 1287 1019 0.00661 0.02149
1502 1502 1020 1522 0.00248 0.00909
1503 1503 1021 1136 0.00496 0.0157
1504 1504 1468 1021 0 0.00083
1505 1505 1230 1022 0.00331 0.00413
1506 1506 1231 1023 0.00331 0.00413
1507 1507 1025 1024 0 0.0001
1508 1508 1308 1024 0.01157 0.03223
1509 1509 2083 1024 0.07025 0.12066
1510 1510 1872 1025 0.03554 0.06612
1511 1511 1153 1026 0.00744 0.02314
1512 1512 1583 1026 0.00248 0.00744
1513 1513 1216 1027 0.00331 0.00661
1514 1514 1216 1028 0.00331 0.00661
1515 1515 1217 1029 0.00331 0.00661
1516 1516 1031 1030 0 0.0001
1517 1517 1524 1030 0.00579 0.01322
1518 1518 1216 1031 0.00248 0.00661
1519 1519 1524 1032 0.00165 0.00579
1520 1520 1523 1033 0.00165 0.00579
1521 1521 1217 1034 0.00083 0.00248
1522 1522 1216 1035 0.00083 0.00248
1523 1523 1217 1036 0.00083 0.00248
1524 1524 1523 1037 0.00083 0.00248
1525 1525 1524 1038 0.00083 0.00248
1526 1526 1040 1039 0 0.0001
1527 1527 1216 1039 0.00496 0.0124
1528 1528 1524 1040 0.00165 0.00496
1529 1529 1041 1043 0 0.00083
1530 1530 1044 1042 0 0.00083
1531 1531 1142 1043 0.03636 0.09008
1532 1532 1043 1217 0.00413 0.00992
1533 1533 1044 1217 0.00413 0.00992
1534 1534 1523 1044 0.00579 0.01736
1535 1535 1306 1045 0.00083 0.00248
1536 1536 1536 1045 0.00331 0.01157
1537 1537 1046 1050 0.00413 0.01322
1538 1538 1047 1050 0.00413 0.01157
1539 1539 1048 1049 0.00083 0.00331
1540 1540 1049 1450 0.00826 0.02645
1541 1541 1147 1050 0.00661 0.02149
1542 1542 1071 1051 0.00909 0.02727
1543 1543 1440 1051 0.00413 0.01074
1544 1544 1436 1052 0.00165 0.00413
1545 1545 1439 1052 0.00331 0.00909
1546 1546 1083 1053 0.00992 0.03058
1547 1547 1223 1053 0.00496 0.01653
1548 1548 1243 1053 0.00909 0.03223
1549 1549 1266 1053 0.00165 0.00413
1550 1550 1161 1054 0.01488 0.04628
1551 1551 1436 1054 0.00496 0.01488
1552 1552 1450 1054 0.00496 0.0157
1553 1553 1055 1079 0.04298 0.10331
1554 1554 1489 1055 0.05785 0.1314
1555 1555 1056 1057 0 0.00083
1556 1556 1057 1083 0.00331 0.00992
1557 1557 1237 1059 0.00165 0.00496
1558 1558 1059 1331 0.00165 0.00413
1559 1559 1061 1063 0 0.00083
1560 1560 1062 1095 0.00413 0.01157
1561 1561 1464 1063 0.00413 0.01322
1562 1562 1064 1065 0.00331 0.01074
1563 1563 1065 1284 0.00496 0.0124
1564 1564 1549 1065 0.02397 0.04298
1565 1565 1425 1066 0.00165 0.00496
1566 1566 1589 1066 0.00248 0.00826
1567 1567 1067 1069 0.00083 0.00165
1568 1568 1070 1068 0.00083 0.00248
1569 1569 1069 1390 0.00826 0.02066
1570 1570 1546 1069 0.00496 0.01157
1571 1571 1070 1326 0.00909 0.02231
1572 1572 1356 1070 0.00496 0.01322
1573 1573 1133 1074 0.02066 0.03967
1574 1574 1552 1074 0.0314 0.06198
1575 1575 1335 1075 0.00331 0.01074
1576 1576 1120 1078 0.03636 0.1157
1577 1577 1080 1081 0 0.00083
1578 1578 1184 1081 0.00744 0.02314
1579 1579 1081 1385 0.00248 0.00909
1580 1580 1099 1082 0.00248 0.00661
1581 1581 1119 1082 0 0.00083
1582 1582 1082 1266 0.00826 0.02645
1583 1583 1138 1084 0.0157 0.05207
1584 1584 1084 1343 0.01074 0.03223
1585 1585 1233 1085 0.00248 0.00661
1586 1586 1244 1086 0.01901 0.06116
1587 1587 1086 1328 0.02149 0.0686
1588 1588 1087 1557 0.01074 0.03306
1589 1589 1088 1182 0.03388 0.09504
1590 1590 1088 1219 0.00992 0.01983
1591 1591 1088 1593 0.00661 0.01653
1592 1592 1431 1089 0.01322 0.04132
1593 1593 1574 1089 0.01736 0.05207
1594 1594 1090 1092 0.00744 0.00992
1595 1595 1091 1093 0.00826 0.0124
1596 1596 1428 1092 0.00909 0.02975
1597 1597 1092 1489 0.04298 0.05785
1598 1598 1429 1093 0.00909 0.02893
1599 1599 1093 1489 0.03471 0.0405
1600 1600 1094 1491 0.00331 0.01074
1601 1601 1545 1094 0.00413 0.01322
1602 1602 1511 1095 0.00165 0.00496
1603 1603 1095 1532 0.00331 0.00909
1604 1604 1220 1096 0.00579 0.01736
1605 1605 1096 1403 0.00248 0.00826
1606 1606 1096 1492 0.00165 0.00579
1607 1607 1495 1096 0.00413 0.01322
1608 1608 1096 1510 0.00165 0.00496
1609 1609 1098 1097 0 0.0001
1610 1610 1120 1097 0.02479 0.06116
1611 1611 1097 1471 0.00661 0.01157
1612 1612 1098 1419 0.00579 0.01405
1613 1613 1098 1472 0.00661 0.01157
1614 1614 1237 1099 0.00496 0.00909
1615 1615 1100 1101 0 0.00083
1616 1616 1101 1232 0.00165 0.00579
1617 1617 1374 1101 0.00661 0.01983
1618 1618 1102 1585 0.01736 0.02479
1619 1619 1571 1103 0.02314 0.04215
1620 1620 1104 1190 0.00992 0.01653
1621 1621 1359 1104 0.02314 0.03223
1622 1622 1167 1105 0.0157 0.04711
1623 1623 1166 1106 0.0157 0.04711
1624 1624 1170 1106 0.02893 0.05124
1625 1625 1108 1107 0 0.0001
1626 1626 1107 1343 0.01901 0.06198
1627 1627 1108 1451 0.00413 0.00992
1628 1628 1111 1109 0.00083 0.00165
1629 1629 1112 1110 0.00083 0.00165
1630 1630 1535 1111 0.00413 0.01405
1631 1631 1275 1112 0.00744 0.02231
1632 1632 1113 1511 0.00083 0.00165
1633 1633 1114 1267 0.00826 0.02397
1634 1634 1114 1354 0.00331 0.01074
1635 1635 1114 1409 0.02727 0.09174
1636 1636 1483 1114 0.00661 0.02149
1637 1637 1115 1181 0.02231 0.04298
1638 1638 1484 1115 0.00661 0.01901
1639 1639 1500 1115 0.00661 0.00992
1640 1640 1285 1116 0.00826 0.02562
1641 1641 1117 1538 0.01157 0.03719
1642 1642 1118 1119 0.00496 0.00826
1643 1643 1271 1119 0.00744 0.01983
1644 1644 1301 1120 0.01322 0.04298
1645 1645 1571 1120 0.00331 0.00826
1646 1646 1121 1231 0.01736 0.04793
1647 1647 1121 1553 0.0405 0.10496
1648 1648 1143 1122 0.0405 0.06694
1649 1649 1169 1122 0.00744 0.02149
1650 1650 1283 1122 0.02149 0.06612
1651 1651 1342 1123 0.03636 0.07025
1652 1652 1528 1123 0.03058 0.05041
1653 1653 1127 1124 0.00579 0.00909
1654 1654 1452 1127 0.00579 0.01488
1655 1655 1128 1129 0.00331 0.00992
1656 1656 1553 1129 0.02562 0.08182
1657 1657 1130 1131 0 0.00083
1658 1658 1232 1131 0.00083 0.00124
1659 1659 1131 1383 0.00744 0.02314
1660 1660 1132 1195 0.00165 0.00661
1661 1661 1532 1132 0.00909 0.02975
1662 1662 1430 1133 0.0281 0.06612
1663 1663 1512 1136 0.0124 0.04132
1664 1664 1284 1137 0.00083 0.00331
1665 1665 1368 1138 0.00661 0.02066
1666 1666 1435 1138 0.02231 0.07107
1667 1667 1525 1138 0.0124 0.02893
1668 1668 1600 1138 0.02479 0.07603
1669 1669 1229 1139 0.00331 0.00909
1670 1670 1451 1139 0.0157 0.04298
1671 1671 1140 1188 0.00248 0.00661
1672 1672 1257 1140 0.01322 0.04132
1673 1673 1357 1140 0.02314 0.06364
1674 1674 1396 1140 0.00165 0.00579
1675 1675 1598 1140 0.0124 0.03884
1676 1676 1189 1141 0.00083 0.00661
1677 1677 1191 1141 0.00083 0.00165
1678 1678 1191 1141 0.00083 0.00165
1679 1679 1302 1141 0.0124 0.03884
1680 1680 1397 1141 0.00083 0.00413
1681 1681 1142 1426 0.00744 0.02066
1682 1682 1143 1745 0.0405 0.05041
1683 1683 1212 1144 0.01074 0.03223
1684 1684 1595 1144 0.01901 0.05785
1685 1685 1145 1274 0.00248 0.00661
1686 1686 1146 1318 0.00496 0.00992
1687 1687 1581 1146 0.03802 0.07521
1688 1688 1485 1147 0.00826 0.02562
1689 1689 1382 1148 0.0405 0.10579
1690 1690 1576 1148 0.02562 0.0686
1691 1691 1258 1149 0.00661 0.02066
1692 1692 1313 1149 0.02231 0.07107
1693 1693 1151 1150 0.00083 0.00165
1694 1694 1151 1216 0.0438 0.11488
1695 1695 1417 1151 0.02231 0.06529
1696 1696 1153 1152 0.00413 0.00744
1697 1697 1490 1153 0 0.00083
1698 1698 1193 1154 0.01157 0.03636
1699 1699 1228 1155 0.00331 0.00826
1700 1700 1357 1155 0.00826 0.01488
1701 1701 1157 1158 0 0.00083
1702 1702 1158 1222 0.00579 0.01405
1703 1703 1453 1158 0 0.00083
1704 1704 1161 1159 0.00413 0.00826
1705 1705 1162 1160 0.00413 0.00826
1706 1706 1358 1161 0.00661 0.01983
1707 1707 1485 1162 0.00496 0.0157
1708 1708 1536 1163 0.01322 0.04132
1709 1709 1164 1166 0.00083 0.00124
1710 1710 1165 1167 0.00083 0.00124
1711 1711 1452 1166 0.0314 0.09421
1712 1712 1453 1167 0.0314 0.09421
1713 1713 1476 1168 0.03802 0.05207
1714 1714 1389 1170 0.0405 0.07025
1715 1715 1269 1171 0.04132 0.06116
1716 1716 1556 1171 0.00496 0.0157
1717 1717 1172 1539 0.00165 0.00496
1718 1718 1175 1580 0.00248 0.00744
1719 1719 1176 1178 0.00083 0.00124
1720 1720 1177 1580 0.01653 0.02893
1721 1721 1384 1179 0.01983 0.05289
1722 1722 1522 1179 0.00165 0.00579
1723 1723 1365 1180 0.00579 0.01736
1724 1724 1181 1190 0.02562 0.04711
1725 1725 1182 1448 0.00992 0.0314
1726 1726 1182 1449 0.00992 0.0314
1727 1727 1463 1182 0.00579 0.01488
1728 1728 1194 1183 0.00248 0.00744
1729 1729 1183 1315 0.00579 0.01901
1730 1730 1183 1460 0.00331 0.01074
1731 1731 1183 1488 0.00496 0.0157
1732 1732 1236 1184 0.00744 0.02727
1733 1733 1367 1185 0.02645 0.03471
1734 1734 1489 1185 0.0157 0.02479
1735 1735 1188 1186 0.00331 0.00579
1736 1736 1187 1189 0.00331 0.00579
1737 1737 1188 1256 0.01157 0.03471
1738 1738 1380 1189 0.00413 0.02975
1739 1739 1473 1190 0.00248 0.00579
1740 1740 1474 1190 0.00165 0.00496
1741 1741 1209 1192 0.0124 0.04545
1742 1742 1192 1282 0.0281 0.0719
1743 1743 1192 1288 0.00744 0.02397
1744 1744 1192 1578 0.01322 0.04628
1745 1745 1576 1193 0.0405 0.07025
1746 1746 1534 1194 0.01074 0.03306
1747 1747 1195 1278 0.00248 0.00744
1748 1748 1353 1196 0.00331 0.01074
1749 1749 1199 1197 0.00496 0.00909
1750 1750 1200 1198 0.00496 0.00909
1751 1751 1200 1355 0.00331 0.00909
1752 1752 1517 1200 0.00579 0.01901
1753 1753 1202 1201 0 0.0001
1754 1754 1373 1201 0.00496 0.0157
1755 1755 1527 1201 0.00413 0.0124
1756 1756 1202 1338 0.00413 0.0124
1757 1757 1523 1202 0.00248 0.01901
1758 1758 1325 1203 0.00248 0.00661
1759 1759 1203 1345 0.00826 0.02645
1760 1760 1524 1203 0.00248 0.01901
1761 1761 1204 1279 0.00248 0.00661
1762 1762 1536 1204 0.00909 0.02975
1763 1763 1205 1380 0.00331 0.02231
1764 1764 1599 1206 0.00083 0.00331
1765 1765 1208 1209 0 0.00083
1766 1766 1479 1209 0.00083 0.00165
1767 1767 1210 1345 0.00165 0.00579
1768 1768 1211 1346 0.00165 0.00579
1769 1769 1213 1212 0 0.0001
1770 1770 1280 1212 0.00661 0.01983
1771 1771 1212 1582 0.00083 0.00248
1772 1772 1281 1213 0.00661 0.01983
1773 1773 1336 1213 0.0157 0.05372
1774 1774 1213 1593 0.00165 0.00413
1775 1775 1594 1213 0.00165 0.00496
1776 1776 1214 1504 0.00744 0.02397
1777 1777 1249 1215 0.03967 0.09008
1778 1778 1348 1217 0.01818 0.05455
1779 1779 1444 1217 0.02479 0.0438
1780 1780 1219 1218 0.00248 0.00579
1781 1781 1219 1505 0.01488 0.0314
1782 1782 1222 1221 0.00579 0.00909
1783 1783 1250 1223 0.00826 0.0281
1784 1784 1224 1226 0.00248 0.00413
1785 1785 1225 1227 0.00248 0.00413
1786 1786 1261 1226 0.00496 0.0157
1787 1787 1226 1383 0.00909 0.02893
1788 1788 1227 1260 0.00496 0.0157
1789 1789 1228 1368 0.00496 0.0157
1790 1790 1498 1230 0.00992 0.02479
1791 1791 1499 1231 0.00992 0.02479
1792 1792 1233 1312 0.00992 0.03058
1793 1793 1363 1233 0.00992 0.02562
1794 1794 1233 1382 0.00826 0.02562
1795 1795 1526 1233 0.00165 0.00496
1796 1796 1599 1233 0.00661 0.02066
1797 1797 1347 1234 0.03719 0.06694
1798 1798 1564 1234 0.00744 0.01157
1799 1799 1239 1238 0.00083 0.00165
1800 1800 1239 1535 0.00496 0.01653
1801 1801 1565 1239 0.00248 0.00744
1802 1802 1518 1241 0.0157 0.03636
1803 1803 1243 1242 0 0.00083
1804 1804 1251 1243 0.00248 0.00661
1805 1805 1244 1311 0.01983 0.06281
1806 1806 1244 1326 0.00826 0.02149
1807 1807 1244 1330 0.00661 0.01736
1808 1808 1546 1244 0.01405 0.03388
1809 1809 1291 1245 0.03471 0.09339
1810 1810 1327 1245 0.01653 0.03802
1811 1811 1245 1425 0.00331 0.00826
1812 1812 1246 1248 0.00083 0.00248
1813 1813 1247 1375 0.00165 0.00496
1814 1814 1248 1375 0.00083 0.00331
1815 1815 1390 1248 0.00579 0.01818
1816 1816 1427 1249 0.01983 0.04711
1817 1817 1251 1250 0 0.0001
1818 1818 1250 1271 0.00413 0.00826
1819 1819 1290 1250 0.00165 0.00579
1820 1820 1310 1250 0.00661 0.01983
1821 1821 1250 1403 0.00413 0.01405
1822 1822 1251 1487 0.00248 0.00744
1823 1823 1514 1252 0.00165 0.00496
1824 1824 1514 1253 0 0.00083
1825 1825 1253 1544 0.00579 0.0157
1826 1826 1256 1254 0.01074 0.01322
1827 1827 1257 1255 0.01074 0.01322
1828 1828 1508 1257 0.00744 0.02397
1829 1829 1259 1336 0.00248 0.00579
1830 1830 1259 1563 0.00661 0.00744
1831 1831 1260 1261 0 0.00083
1832 1832 1340 1261 0.00413 0.00909
1833 1833 1337 1262 0.04215 0.07025
1834 1834 1528 1262 0.05041 0.08264
1835 1835 1264 1265 0.00331 0.01074
1836 1836 1313 1265 0.02893 0.1
1837 1837 1265 1503 0.03884 0.17934
1838 1838 1292 1267 0.0124 0.03719
1839 1839 1543 1269 0.01818 0.03471
1840 1840 1270 1271 0.00083 0.00165
1841 1841 1272 1274 0 0.00083
1842 1842 1273 1275 0 0.00083
1843 1843 1545 1275 0.00083 0.00331
1844 1844 1392 1276 0.00744 0.02231
1845 1845 1536 1276 0.00413 0.01157
1846 1846 1277 1339 0.00331 0.01074
1847 1847 1500 1277 0.00331 0.00992
1848 1848 1569 1278 0.00496 0.01488
1849 1849 1454 1283 0.01488 0.02562
1850 1850 1296 1284 0.01074 0.01322
1851 1851 1417 1284 0.0157 0.04463
1852 1852 1298 1285 0.00496 0.0124
1853 1853 1285 1408 0.00165 0.00413
1854 1854 1286 1288 0 0.00083
1855 1855 1290 1495 0.00413 0.0124
1856 1856 1291 1435 0.00248 0.00909
1857 1857 1467 1293 0.02562 0.06281
1858 1858 1577 1293 0.02479 0.06116
1859 1859 1577 1294 0.02479 0.06116
1860 1860 1295 1328 0.00331 0.00909
1861 1861 1475 1295 0.00826 0.02479
1862 1862 1297 1298 0.00413 0.01322
1863 1863 1418 1298 0.01074 0.03223
1864 1864 1342 1301 0.03223 0.10248
1865 1865 1507 1303 0.00744 0.02397
1866 1866 1303 1598 0.00496 0.0157
1867 1867 1306 1304 0 0.00083
1868 1868 1305 1307 0 0.00083
1869 1869 1538 1307 0.00413 0.01322
1870 1870 1308 1420 0.03471 0.10909
1871 1871 1309 1562 0.02975 0.09587
1872 1872 1309 1802 0.0124 0.03719
1873 1873 1462 1310 0.00165 0.00496
1874 1874 1311 1329 0.02066 0.06694
1875 1875 1315 1314 0.00248 0.00413
1876 1876 1318 1316 0.00331 0.00579
1877 1877 1319 1317 0.00331 0.00579
1878 1878 1580 1319 0.03802 0.07355
1879 1879 1321 1323 0 0.00083
1880 1880 1322 1476 0.0124 0.0281
1881 1881 1360 1323 0.00083 0.00124
1882 1882 1538 1329 0.02645 0.0843
1883 1883 1587 1329 0.00661 0.01405
1884 1884 1330 1587 0.00165 0.00331
1885 1885 1334 1332 0.00248 0.00661
1886 1886 1333 1335 0.00248 0.00744
1887 1887 1374 1335 0.00413 0.01157
1888 1888 1503 1339 0.00579 0.01901
1889 1889 1341 1468 0.00579 0.0157
1890 1890 1344 1343 0 0.0001
1891 1891 1574 1343 0.02397 0.07686
1892 1892 1520 1344 0.01901 0.06198
1893 1893 1426 1346 0.02479 0.08926
1894 1894 1527 1346 0.00496 0.01488
1895 1895 1579 1346 0.01488 0.04132
1896 1896 1553 1347 0.01736 0.03223
1897 1897 1452 1351 0.00248 0.00744
1898 1898 1494 1351 0.01901 0.06116
1899 1899 1352 1353 0.00248 0.00826
1900 1900 1539 1353 0.00083 0.00165
1901 1901 1356 1390 0.00579 0.01653
1902 1902 1476 1360 0.00744 0.0124
1903 1903 1362 1361 0.00165 0.00413
1904 1904 1362 1570 0.00413 0.0124
1905 1905 1363 1499 0.00826 0.02149
1906 1906 1364 1365 0 0.00083
1907 1907 1502 1366 0.00579 0.01818
1908 1908 1432 1367 0.0876 0.17025
1909 1909 1533 1369 0.0157 0.05041
1910 1910 1369 1601 0.02893 0.09008
1911 1911 1371 1370 0 0.00083
1912 1912 1552 1371 0.00661 0.01074
1913 1913 1524 1373 0.01901 0.05289
1914 1914 1376 1375 0 0.0001
1915 1915 1445 1375 0.00496 0.01488
1916 1916 1376 1392 0.00083 0.00331
1917 1917 1376 1538 0.01818 0.05702
1918 1918 1377 1378 0.00248 0.00579
1919 1919 1540 1378 0.00496 0.01405
1920 1920 1388 1379 0.00331 0.00992
1921 1921 1381 1512 0.00248 0.00826
1922 1922 1383 1382 0 0.0001
1923 1923 1383 1482 0.01488 0.0438
1924 1924 1576 1383 0.04793 0.11983
1925 1925 1384 1565 0.0124 0.03223
1926 1926 1426 1386 0.01488 0.03223
1927 1927 1552 1388 0.02397 0.07769
1928 1928 1537 1389 0.01157 0.03636
1929 1929 1391 1392 0.00165 0.00331
1930 1930 1394 1393 0 0.0001
1931 1931 1502 1394 0.03967 0.13388
1932 1932 1395 1397 0.00083 0.00165
1933 1933 1443 1397 0.00826 0.05207
1934 1934 1416 1398 0.00248 0.00826
1935 1935 1398 1544 0.00413 0.01405
1936 1936 1465 1399 0.00744 0.02397
1937 1937 1584 1399 0.00826 0.02645
1938 1938 1400 1401 0.00248 0.00661
1939 1939 1539 1404 0.00248 0.00744
1940 1940 1540 1405 0.00248 0.00744
1941 1941 1406 1407 0.00165 0.00331
1942 1942 1581 1407 0.10165 0.20083
1943 1943 1411 1408 0.00331 0.01074
1944 1944 1410 1601 0.01983 0.0314
1945 1945 1412 1413 0.00248 0.00744
1946 1946 1413 1556 0.0157 0.04793
1947 1947 1430 1414 0.0157 0.04793
1948 1948 1415 1453 0.00992 0.03223
1949 1949 1537 1415 0.01736 0.0562
1950 1950 1416 1440 0.01736 0.05537
1951 1951 1514 1416 0.00909 0.02727
1952 1952 1551 1416 0.00413 0.01322
1953 1953 1417 1548 0.01736 0.05207
1954 1954 1550 1418 0.00413 0.01322
1955 1955 1422 1421 0 0.0001
1956 1956 1421 1423 0.0124 0.03802
1957 1957 1423 1463 0.00744 0.02066
1958 1958 1445 1424 0.00331 0.01157
1959 1959 1489 1426 0.04545 0.23719
1960 1960 1431 1427 0.00083 0.00661
1961 1961 1432 1427 0.00083 0.00413
1962 1962 1595 1430 0.00826 0.02645
1963 1963 1432 1431 0 0.0001
1964 1964 1489 1431 0.04545 0.23388
1965 1965 1576 1433 0.00165 0.00331
1966 1966 1577 1434 0.00083 0.00331
1967 1967 1475 1435 0.02645 0.03388
1968 1968 1435 1518 0.00826 0.02479
1969 1969 1439 1437 0.0124 0.0157
1970 1970 1440 1438 0.01322 0.0157
1971 1971 1513 1439 0.0157 0.04628
1972 1972 1441 1443 0.00248 0.00744
1973 1973 1539 1442 0.00248 0.00744
1974 1974 1540 1443 0.00744 0.02397
1975 1975 1448 1446 0.00496 0.00826
1976 1976 1449 1447 0.00496 0.00826
1977 1977 1455 1504 0.00248 0.01488
1978 1978 1456 1504 0.00248 0.01488
1979 1979 1457 1459 0 0.00083
1980 1980 1460 1458 0.00165 0.00579
1981 1981 1533 1461 0.02066 0.06529
1982 1982 1600 1461 0.00909 0.01488
1983 1983 1466 1482 0.00413 0.01322
1984 1984 1470 1469 0 0.0001
1985 1985 1469 1515 0.03719 0.11983
1986 1986 1469 1554 0.00744 0.01157
1987 1987 1470 1555 0.00744 0.01157
1988 1988 1477 1574 0.04132 0.05372
1989 1989 1503 1483 0.01074 0.02893
1990 1990 1502 1484 0.00992 0.03058
1991 1991 1549 1486 0.00083 0.00331
1992 1992 1492 1487 0.00331 0.01074
1993 1993 1491 1490 0 0.0001
1994 1994 1493 1494 0.00165 0.00579
1995 1995 1537 1494 0.01074 0.03388
1996 1996 1496 1498 0.00413 0.00579
1997 1997 1497 1499 0.00413 0.00579
1998 1998 1526 1498 0.01157 0.02975
1999 1999 1503 1502 0 0.0001
2000 2000 1515 1502 0.01157 0.03802
2001 2001 1534 1504 0.01157 0.03223
2002 2002 1542 1505 0.00413 0.0124
2003 2003 1505 1557 0.00909 0.0314
2004 2004 1508 1506 0.00413 0.01322
2005 2005 1517 1506 0.00413 0.00992
2006 2006 1517 1507 0.00992 0.03058
2007 2007 1509 1511 0.00083 0.00165
2008 2008 1517 1584 0.00826 0.02645
2009 2009 1541 1518 0.01405 0.04628
2010 2010 1519 1520 0.00661 0.00826
2011 2011 1521 1522 0 0.00083
2012 2012 1529 1531 0.00083 0.00124
2013 2013 1530 1532 0.00083 0.00248
2014 2014 1583 1540 0.00496 0.0124
2015 2015 1548 1547 0.00083 0.00331
2016 2016 1548 1579 0.01901 0.05289
2017 2017 1578 1560 0.00579 0.02066
2018 2018 1592 1560 0 0.00083
2019 2019 1563 1564 0.00083 0.00165
2020 2020 1565 1573 0.00579 0.01736
2021 2021 1567 1569 0 0.00083
2022 2022 1568 1570 0 0.00083
2023 2023 1581 1580 0 0.0001
2024 2024 1586 1582 0.00165 0.00496
2025 2025 1588 1589 0.00331 0.00992
2026 2026 1590 1592 0.00413 0.01405
2027 2027 1729 1602 0.01471 0.03736
2028 2028 2001 1602 0.00504 0.01413
2029 2029 1605 1603 0.01351 0.02349
2030 2030 1759 1603 0.03198 0.08107
2031 2031 2103 1603 0.00129 0.00374
2032 2032 1604 1605 0.00276 0.00483
2033 2033 1606 1673 0.00499 0.01691
2034 2034 2095 1606 0.0061 0.02065
2035 2035 1809 1607 0.02676 0.07689
2036 2036 2226 1607 0.03926 0.10744
2037 2037 1687 1608 0.02157 0.04835
2038 2038 1826 1608 0.01165 0.02074
2039 2039 1700 1609 0.03507 0.11878
2040 2040 1823 1609 0.04107 0.13909
2041 2041 2087 1609 0.01769 0.05744
2042 2042 1611 1610 0 0.0001
2043 2043 1623 1610 0.00661 0.01983
2044 2044 1987 1610 0.01762 0.04135
2045 2045 1641 1612 0.03793 0.0724
2046 2046 1662 1612 0.00347 0.00405
2047 2047 1613 1859 0.00577 0.01954
2048 2048 1921 1613 0.00228 0.00772
2049 2049 1656 1614 0.01165 0.03463
2050 2050 1867 1615 0.0376 0.0676
2051 2051 1848 1616 0.0138 0.02421
2052 2052 1616 2071 0.01877 0.03282
2053 2053 1618 1617 0 0.0001
2054 2054 1840 1617 0.04902 0.12753
2055 2055 2031 1617 0.00945 0.02846
2056 2056 1619 1618 0.0065 0.02202
2057 2057 1651 1618 0.04283 0.09787
2058 2058 1984 1618 0.02486 0.04348
2059 2059 1777 1619 0.01074 0.03471
2060 2060 1839 1619 0.05489 0.14743
2061 2061 2030 1619 0.00451 0.01529
2062 2062 1621 1620 0 0.0001
2063 2063 1897 1620 0.00661 0.00992
2064 2064 1620 2059 0.00405 0.01306
2065 2065 1622 1894 0.00372 0.01248
2066 2066 1622 2076 0.00617 0.01736
2067 2067 1830 1623 0.03223 0.05537
2068 2068 1832 1623 0.01157 0.0281
2069 2069 2383 1623 0.05787 0.10132
2070 2070 1734 1624 0.01753 0.05936
2071 2071 1889 1624 0.02479 0.04298
2072 2072 1624 1898 0.01135 0.03509
2073 2073 2383 1624 0.05787 0.10132
2074 2074 1820 1625 0.02213 0.07514
2075 2075 1940 1625 0.04678 0.05793
2076 2076 1626 2113 0.01499 0.03154
2077 2077 1627 2087 0.05234 0.09155
2078 2078 2107 1628 0.00744 0.02397
2079 2079 2112 1628 0.00661 0.00909
2080 2080 1659 1629 0.01711 0.05562
2081 2081 1823 1629 0.02099 0.06934
2082 2082 1840 1630 0.02727 0.0686
2083 2083 1631 1647 0.03669 0.09165
2084 2084 1632 1664 9e-05 0.00069
2085 2085 1693 1632 0.00555 0.01818
2086 2086 1633 1874 0.01452 0.04917
2087 2087 1633 1906 0.02276 0.0771
2088 2088 1860 1634 0.0295 0.05017
2089 2089 1634 2113 0.02711 0.04612
2090 2090 1636 1635 0 0.0001
2091 2091 1743 1635 0.03793 0.06612
2092 2092 1810 1635 0.01405 0.04463
2093 2093 1748 1637 0.02893 0.04711
2094 2094 1871 1637 0.0338 0.05537
2095 2095 1932 1637 0.0157 0.04793
2096 2096 2045 1637 0.00413 0.00661
2097 2097 1990 1638 0.01198 0.04056
2098 2098 2044 1638 0.00413 0.00661
2099 2099 2070 1638 0.01438 0.02405
2100 2100 1735 1639 0.02967 0.07661
2101 2101 1639 2103 0.02833 0.07349
2102 2102 1903 1640 0.01165 0.03957
2103 2103 2015 1640 0.02992 0.10136
2104 2104 2020 1641 0.02182 0.07107
2105 2105 1649 1642 0.03322 0.05661
2106 2106 1692 1642 0.01214 0.04112
2107 2107 1846 1643 0.05033 0.13388
2108 2108 2024 1643 0.02851 0.09843
2109 2109 1761 1644 0.04537 0.07694
2110 2110 1971 1644 0.02248 0.0386
2111 2111 1645 1650 0.06463 0.10992
2112 2112 1776 1645 0.02439 0.06359
2113 2113 1655 1646 0.00537 0.01512
2114 2114 1674 1646 0.00074 0.00231
2115 2115 1648 1647 0 0.0001
2116 2116 1731 1647 0.00592 0.01857
2117 2117 1767 1647 0.02719 0.04917
2118 2118 1886 1647 0.0129 0.02274
2119 2119 1887 1647 0.01204 0.02472
2120 2120 2027 1647 0.00157 0.00512
2121 2121 2028 1647 0.00153 0.00493
2122 2122 1752 1649 0.0157 0.04959
2123 2123 1884 1649 0.03719 0.11901
2124 2124 1948 1649 0.06583 0.22298
2125 2125 1956 1649 0.00413 0.0314
2126 2126 1930 1650 0.00447 0.01463
2127 2127 1931 1650 0.02066 0.06612
2128 2128 2068 1650 0.0207 0.07012
2129 2129 1650 2077 0.00687 0.02326
2130 2130 1916 1651 0.01319 0.04467
2131 2131 1663 1652 0.02174 0.05
2132 2132 1804 1652 0.03471 0.06744
2133 2133 1918 1653 0.00165 0.00537
2134 2134 2018 1653 0.00182 0.00595
2135 2135 1669 1654 0.04421 0.11367
2136 2136 1950 1654 0.02228 0.07545
2137 2137 1901 1655 0.00686 0.02198
2138 2138 1673 1656 0.00603 0.01785
2139 2139 1917 1656 0.02204 0.07467
2140 2140 1657 2002 0.0157 0.05157
2141 2141 2106 1657 0.01031 0.01797
2142 2142 1693 1658 0.02058 0.0676
2143 2143 1845 1658 0.01983 0.05504
2144 2144 1913 1658 0.00926 0.0186
2145 2145 1658 2078 0.00375 0.01025
2146 2146 1985 1659 0.02521 0.08264
2147 2147 1737 1660 0.00161 0.00529
2148 2148 1805 1660 0.00302 0.01
2149 2149 1667 1661 0.05636 0.10521
2150 2150 1804 1661 0.04669 0.09545
2151 2151 1788 1662 0.03397 0.05942
2152 2152 1826 1662 0.0676 0.11446
2153 2153 1992 1663 0.04463 0.09421
2154 2154 1665 1664 0 0.0001
2155 2155 1664 1775 0.00064 0.00483
2156 2156 2020 1664 0.01289 0.04198
2157 2157 1667 1666 0.01835 0.06256
2158 2158 1983 1666 0.02521 0.08182
2159 2159 2038 1667 0.04116 0.10446
2160 2160 1668 1743 0.03853 0.06806
2161 2161 1797 1668 0.02515 0.0455
2162 2162 1670 1669 0 0.0001
2163 2163 1700 1669 0.05702 0.11331
2164 2164 1758 1669 0.01033 0.01802
2165 2165 1671 2060 0.00744 0.01917
2166 2166 2059 1672 0.00182 0.00463
2167 2167 1851 1673 0.00292 0.00988
2168 2168 1986 1673 0.01126 0.03814
2169 2169 1854 1674 0.00281 0.00909
2170 2170 1893 1674 0.00259 0.00876
2171 2171 1918 1674 0.00519 0.01413
2172 2172 1684 1675 0.01393 0.04721
2173 2173 1675 1917 0.01214 0.04112
2174 2174 1864 1676 0.04152 0.07429
2175 2175 1945 1676 0.05017 0.08774
2176 2176 1907 1677 0.00731 0.01279
2177 2177 1926 1678 0.02035 0.03558
2178 2178 1757 1679 0.06926 0.12157
2179 2179 1998 1679 0.01818 0.05884
2180 2180 1681 1680 0 0.0001
2181 2181 1921 1680 0.02689 0.05343
2182 2182 1960 1680 0.00628 0.01058
2183 2183 1997 1680 0.0096 0.02474
2184 2184 2012 1680 0.01093 0.037
2185 2185 1834 1681 0.00843 0.02298
2186 2186 1859 1681 0.0078 0.02641
2187 2187 1904 1681 0.01144 0.03023
2188 2188 2096 1681 0.01777 0.03157
2189 2189 1683 1682 0.00688 0.02328
2190 2190 2029 1682 0.01445 0.04894
2191 2191 1684 1683 0 0.0001
2192 2192 2015 1684 0.04207 0.14132
2193 2193 2069 1685 0.04843 0.07405
2194 2194 1697 1686 0.0104 0.03704
2195 2195 1720 1686 0.0014 0.00463
2196 2196 1827 1686 0.02612 0.04421
2197 2197 1962 1686 0.02736 0.09182
2198 2198 1702 1687 0.00415 0.00726
2199 2199 1983 1687 0.02719 0.08793
2200 2200 1835 1688 0.06537 0.11488
2201 2201 2086 1688 0.03983 0.06967
2202 2202 1689 1702 0.00652 0.0114
2203 2203 1689 2062 0.00711 0.01244
2204 2204 1690 1878 0.02737 0.09213
2205 2205 1879 1690 0.01729 0.05855
2206 2206 1861 1691 0.0414 0.08355
2207 2207 1874 1691 0.01 0.03479
2208 2208 1695 1694 0 0.0001
2209 2209 1832 1694 0.01405 0.04463
2210 2210 1963 1694 0.0281 0.08926
2211 2211 1696 1697 0.00375 0.00656
2212 2212 1698 1814 0.03771 0.12774
2213 2213 1793 1699 0.05149 0.17438
2214 2214 1912 1701 0.01289 0.03372
2215 2215 1922 1701 0.00661 0.01826
2216 2216 1788 1703 0.02967 0.04926
2217 2217 1951 1703 0.03149 0.05215
2218 2218 1956 1704 0.02893 0.08843
2219 2219 2112 1704 0.04298 0.10248
2220 2220 1705 1814 0.06808 0.1244
2221 2221 1974 1705 0.0043 0.01028
2222 2222 1706 2112 0.00245 0.00833
2223 2223 1707 2113 0.00245 0.00833
2224 2224 2113 1708 0.00496 0.01488
2225 2225 2046 1709 0.05893 0.12397
2226 2226 2112 1709 0.00496 0.01488
2227 2227 1710 1884 0.00435 0.0076
2228 2228 1711 1885 0.00435 0.0076
2229 2229 1713 1712 0 0.0001
2230 2230 1760 1712 0.0005 0.00397
2231 2231 1762 1712 0.0005 0.00397
2232 2232 2017 1712 0.00099 0.00793
2233 2233 2056 1714 0.00083 0.00248
2234 2234 1748 1715 0.01157 0.01983
2235 2235 1715 2022 0.00794 0.01591
2236 2236 1739 1716 0.02901 0.05165
2237 2237 1847 1716 0.01661 0.0295
2238 2238 1718 1717 0 0.0001
2239 2239 1717 1954 0.0166 0.05623
2240 2240 1717 1967 0.00826 0.01653
2241 2241 1717 2108 0.01676 0.05678
2242 2242 2085 1719 0.01132 0.03744
2243 2243 2087 1719 0.01157 0.03942
2244 2244 2071 1720 0.05945 0.10398
2245 2245 1871 1721 0.0157 0.04628
2246 2246 1722 1844 0.00752 0.01256
2247 2247 1731 1723 0.00579 0.01322
2248 2248 1838 1723 0.02893 0.05124
2249 2249 1795 1724 0.00405 0.01331
2250 2250 1906 1724 0.00574 0.01944
2251 2251 1725 1882 0.01364 0.0238
2252 2252 1727 1726 0.0038 0.01215
2253 2253 1756 1726 0.01529 0.04967
2254 2254 1766 1726 0.02843 0.05207
2255 2255 1825 1727 0.02017 0.04959
2256 2256 1870 1728 0.01711 0.05769
2257 2257 2104 1728 0.01455 0.05314
2258 2258 1787 1729 0.02504 0.06364
2259 2259 1884 1730 0.04628 0.07686
2260 2260 1981 1730 0.05124 0.08182
2261 2261 2027 1732 0.00661 0.0157
2262 2262 1735 1733 0.00504 0.01421
2263 2263 1737 1733 0.01645 0.04298
2264 2264 1767 1734 0.01893 0.0595
2265 2265 1808 1734 0.009 0.03048
2266 2266 1830 1734 0.01405 0.02314
2267 2267 2065 1736 0.00702 0.01752
2268 2268 1993 1737 0.0176 0.05694
2269 2269 1738 1883 0.00868 0.01512
2270 2270 1959 1739 0.04645 0.08174
2271 2271 1969 1739 0.01848 0.03232
2272 2272 1740 2064 0.02042 0.03616
2273 2273 1741 1882 0.02826 0.04942
2274 2274 1743 1742 0 0.0001
2275 2275 1963 1742 0.02479 0.03471
2276 2276 1901 1744 0.01413 0.04628
2277 2277 1906 1744 0.01612 0.05405
2278 2278 1999 1744 0.01372 0.04446
2279 2279 2043 1745 0.02983 0.05463
2280 2280 1862 1746 0.02269 0.06221
2281 2281 1746 2085 0.03124 0.10231
2282 2282 1800 1747 0.02893 0.04711
2283 2283 2041 1747 0.00331 0.00579
2284 2284 2044 1747 0.02562 0.0438
2285 2285 2056 1747 0.01157 0.01893
2286 2286 2082 1747 0.02149 0.0405
2287 2287 2042 1748 0.00331 0.00579
2288 2288 2055 1748 0.01157 0.01893
2289 2289 2061 1748 0.1 0.16529
2290 2290 2114 1748 0.04711 0.08182
2291 2291 1749 1755 0.00455 0.01263
2292 2292 1750 1919 0.01248 0.03219
2293 2293 1751 2072 0.0006 0.00103
2294 2294 1783 1752 0.00909 0.02893
2295 2295 1772 1753 0.00909 0.02645
2296 2296 1754 1920 0.01028 0.01795
2297 2297 1755 1773 0.01642 0.05563
2298 2298 1794 1756 0.01752 0.05438
2299 2299 1945 1757 0.03397 0.0581
2300 2300 1822 1758 0.0362 0.06339
2301 2301 1801 1759 0.00692 0.01922
2302 2302 1764 1760 0.01124 0.46322
2303 2303 1863 1760 0.01322 0.03289
2304 2304 1888 1760 0.01033 0.03405
2305 2305 1964 1760 0.01622 0.04179
2306 2306 1763 1761 0.01124 0.45248
2307 2307 1855 1761 0.00975 0.03207
2308 2308 1883 1761 0.00537 0.01545
2309 2309 2234 1761 0.04132 0.0876
2310 2310 1765 1883 0.00687 0.02322
2311 2311 1935 1766 0.02843 0.05207
2312 2312 1768 1919 0.00257 0.00449
2313 2313 1769 1919 0.00257 0.00449
2314 2314 1770 1920 0.00257 0.00449
2315 2315 1771 2066 0.00102 0.00347
2316 2316 1772 1801 0.02617 0.07269
2317 2317 1773 2066 0.00431 0.01388
2318 2318 1791 1774 0.00645 0.02187
2319 2319 1777 1776 0 0.0001
2320 2320 1942 1776 0.00579 0.01893
2321 2321 1782 1778 0.00496 0.01653
2322 2322 1919 1778 0.00248 0.00661
2323 2323 1920 1779 0.00248 0.00661
2324 2324 2067 1780 0.00031 0.00103
2325 2325 1920 1781 0.00579 0.01818
2326 2326 2077 1781 0.01209 0.04096
2327 2327 1783 1782 0 0.0001
2328 2328 1784 1919 0.00277 0.00937
2329 2329 2067 1784 0.01126 0.01969
2330 2330 1920 1785 0.00277 0.00937
2331 2331 1791 1786 0.00992 0.03058
2332 2332 2113 1786 0.00909 0.02727
2333 2333 1790 1789 0 0.0001
2334 2334 1919 1789 0.00826 0.02479
2335 2335 2113 1790 0.01322 0.04207
2336 2336 1792 1919 0.00942 0.03193
2337 2337 1796 1793 0.00653 0.02207
2338 2338 1796 1794 0.0024 0.00413
2339 2339 1894 1795 0.00174 0.00479
2340 2340 1796 1843 0.05967 0.10455
2341 2341 1878 1796 0.03793 0.09752
2342 2342 1798 1797 0 0.0001
2343 2343 1885 1799 0.10413 0.16851
2344 2344 1803 1802 0 0.0001
2345 2345 1802 2092 0.01475 0.04826
2346 2346 2065 1806 0.00355 0.00959
2347 2347 1829 1807 0.02562 0.07851
2348 2348 1839 1807 0.03223 0.07769
2349 2349 1964 1809 0.01348 0.03929
2350 2350 1811 1810 0 0.0001
2351 2351 2090 1810 0.04876 0.06942
2352 2352 1813 1812 0 0.0001
2353 2353 1865 1812 0.00122 0.00413
2354 2354 1865 1812 0.00122 0.00413
2355 2355 1815 1814 0 0.0001
2356 2356 1820 1814 0.00389 0.01322
2357 2357 1969 1814 0.03196 0.05589
2358 2358 2069 1814 0.03843 0.07041
2359 2359 1816 2068 0.00615 0.02083
2360 2360 1817 2061 0.0157 0.04628
2361 2361 1819 1818 0.00826 0.0124
2362 2362 1818 2068 0.00349 0.0118
2363 2363 1885 1819 0.0157 0.02562
2364 2364 1845 1821 0.02264 0.07355
2365 2365 1828 1822 0.02818 0.05818
2366 2366 1857 1822 0.02595 0.08512
2367 2367 1952 1822 0.03934 0.12917
2368 2368 1910 1823 0.02 0.03744
2369 2369 2084 1823 0.01421 0.04661
2370 2370 1824 1906 0.01344 0.02383
2371 2371 1926 1824 0.00698 0.01279
2372 2372 1825 2101 0.03744 0.09653
2373 2373 1985 1827 0.05901 0.1038
2374 2374 2098 1828 0.01256 0.0219
2375 2375 1942 1829 0.0124 0.04132
2376 2376 1838 1830 0.0157 0.02727
2377 2377 1846 1831 0.02706 0.09164
2378 2378 1864 1831 0.02078 0.03802
2379 2379 1976 1833 0.0343 0.06
2380 2380 2047 1833 0.03967 0.06934
2381 2381 1960 1834 0.00802 0.02174
2382 2382 1944 1835 0.03769 0.06554
2383 2383 1975 1836 0.03347 0.05893
2384 2384 2102 1836 0.02959 0.05471
2385 2385 1962 1837 0.02198 0.0738
2386 2386 2102 1837 0.03306 0.0586
2387 2387 2010 1839 0.00514 0.03512
2388 2388 2100 1839 0.01317 0.0446
2389 2389 2010 1840 0.00514 0.03512
2390 2390 2032 1841 0.06744 0.11802
2391 2391 1842 2054 0.02008 0.06818
2392 2392 2000 1843 0.06215 0.10504
2393 2393 2070 1844 0.01165 0.02124
2394 2394 1939 1845 0.06942 0.1405
2395 2395 1945 1845 0.0343 0.24545
2396 2396 1992 1846 0.0286 0.05322
2397 2397 2080 1846 0.04008 0.10222
2398 2398 1925 1847 0.02272 0.03973
2399 2399 1939 1848 0.04802 0.10264
2400 2400 1849 2071 0.02111 0.0715
2401 2401 1945 1850 0.02306 0.05736
2402 2402 1991 1850 0.01107 0.02744
2403 2403 1918 1852 0.00182 0.00455
2404 2404 1926 1853 0.01475 0.04998
2405 2405 1986 1853 0.01124 0.03818
2406 2406 1924 1854 0.00339 0.01099
2407 2407 2101 1855 0.03488 0.09488
2408 2408 1986 1856 0.04033 0.06893
2409 2409 2047 1856 0.02504 0.04289
2410 2410 1858 1998 0.01947 0.06595
2411 2411 1862 1860 0.00943 0.01889
2412 2412 2093 1861 0.02413 0.07851
2413 2413 2023 1863 0.03669 0.0943
2414 2414 1866 1865 0 0.0001
2415 2415 1949 1865 0.0338 0.08099
2416 2416 1963 1865 0.01818 0.04132
2417 2417 2090 1865 0.03025 0.10165
2418 2418 1946 1867 0.01702 0.05512
2419 2419 1880 1868 0.02314 0.05868
2420 2420 2105 1868 0.03967 0.06942
2421 2421 1877 1869 0.01793 0.05818
2422 2422 1978 1869 0.01438 0.04653
2423 2423 1881 1873 0.02231 0.07182
2424 2424 1994 1873 0.0314 0.10545
2425 2425 2013 1873 0.02546 0.08496
2426 2426 1873 2070 0.03876 0.06463
2427 2427 1876 1875 0.01661 0.02917
2428 2428 1877 1875 0.00388 0.00669
2429 2429 1878 1876 0.0076 0.01802
2430 2430 1877 1880 0.01975 0.20967
2431 2431 2065 1877 0.02388 0.06711
2432 2432 1935 1878 0.06438 0.1138
2433 2433 1932 1880 0.00744 0.02397
2434 2434 1947 1880 0.02975 0.1
2435 2435 2050 1880 0.00744 0.02562
2436 2436 2000 1881 0.01372 0.04446
2437 2437 2033 1881 0.03793 0.11653
2438 2438 2035 1881 0.00909 0.02975
2439 2439 2079 1881 0.00877 0.02969
2440 2440 2016 1882 0.00397 0.02917
2441 2441 2273 1882 0.08207 0.20008
2442 2442 2333 1882 0.03719 0.09669
2443 2443 2064 1883 0.01654 0.05601
2444 2444 2244 1883 0.05628 0.18322
2445 2445 2278 1883 0.04463 0.11521
2446 2446 1884 2061 0.03306 0.04959
2447 2447 2110 1884 0.02209 0.05774
2448 2448 1934 1885 0.04207 0.07025
2449 2449 2111 1885 0.01902 0.04153
2450 2450 1961 1886 0.00636 0.02155
2451 2451 1943 1888 0.01463 0.04793
2452 2452 1890 1889 0 0.0001
2453 2453 1987 1889 0.01405 0.02727
2454 2454 1892 1891 0 0.0001
2455 2455 2021 1891 0.00992 0.01736
2456 2456 2041 1892 0.00909 0.01736
2457 2457 1923 1893 0.00968 0.03279
2458 2458 1900 1895 0.00864 0.0173
2459 2459 1927 1895 0.00793 0.02678
2460 2460 1896 2060 0.00013 0.00034
2461 2461 1897 1988 0.01801 0.04644
2462 2462 1899 1898 0 0.0001
2463 2463 2014 1898 0.01201 0.02671
2464 2464 1903 1900 0.00983 0.03322
2465 2465 2073 1900 0.00116 0.0038
2466 2466 1901 1924 0.0019 0.00603
2467 2467 1902 2002 0.02479 0.08132
2468 2468 2073 1902 0.01917 0.06388
2469 2469 2075 1902 0.01669 0.03529
2470 2470 2104 1903 0.0605 0.11818
2471 2471 1907 1906 0 0.0001
2472 2472 1906 1928 0.00959 0.02474
2473 2473 1959 1906 0.02397 0.04223
2474 2474 1914 1907 0.08066 0.14207
2475 2475 1907 1929 0.00959 0.02474
2476 2476 1908 1920 0.00012 0.0004
2477 2477 1909 1919 0.0001 0.00031
2478 2478 2097 1910 0.00793 0.01537
2479 2479 1996 1911 0.01612 0.05281
2480 2480 2112 1911 0.02479 0.08008
2481 2481 2096 1912 0.00818 0.02149
2482 2482 2086 1913 0.01314 0.02554
2483 2483 1915 1914 0 0.0001
2484 2484 1975 1914 0.02347 0.05785
2485 2485 2038 1914 0.03364 0.08545
2486 2486 2100 1916 0.0126 0.04265
2487 2487 2066 1920 0.00061 0.00208
2488 2488 2072 1920 0.01249 0.03219
2489 2489 1922 1921 0 0.0001
2490 2490 1995 1921 0.00595 0.02016
2491 2491 2012 1922 0.00486 0.01645
2492 2492 2080 1922 0.01179 0.03074
2493 2493 2076 1923 0.00303 0.01029
2494 2494 1933 1925 0.01028 0.02164
2495 2495 2073 1927 0.0038 0.01264
2496 2496 2018 1929 0.00413 0.01405
2497 2497 1930 2074 0.01431 0.03325
2498 2498 1977 1931 0.02149 0.06942
2499 2499 2095 1933 0.00711 0.01942
2500 2500 1988 1934 0.04959 0.08678
2501 2501 1936 2044 0.00266 0.00902
2502 2502 1937 2045 0.00266 0.00902
2503 2503 1938 2091 0.01979 0.03629
2504 2504 1941 2105 0.03843 0.06562
2505 2505 1993 1943 0.02207 0.07149
2506 2506 2049 1944 0.02479 0.08041
2507 2507 2015 1946 0.0395 0.07231
2508 2508 1948 1947 0 0.0001
2509 2509 2025 1949 0.00992 0.02314
2510 2510 1951 1950 0.02661 0.08661
2511 2511 1953 1952 0.00595 0.01917
2512 2512 1953 2093 0.02743 0.08885
2513 2513 1956 1955 0 0.0001
2514 2514 2033 1955 0.02479 0.07686
2515 2515 1958 1957 0 0.0001
2516 2516 1957 1987 0.01467 0.0404
2517 2517 2060 1957 0.02208 0.04735
2518 2518 1973 1963 0.00744 0.02314
2519 2519 2048 1965 0.0762 0.13
2520 2520 2084 1965 0.01777 0.05818
2521 2521 1966 2090 0.02835 0.09504
2522 2522 2114 1966 0.0281 0.04876
2523 2523 1987 1967 0.0081 0.02742
2524 2524 2048 1968 0.03174 0.1075
2525 2525 1968 2113 0.03366 0.11402
2526 2526 1999 1970 0.01661 0.0538
2527 2527 2038 1970 0.03529 0.06033
2528 2528 2047 1971 0.04281 0.07322
2529 2529 2091 1972 0.02727 0.09165
2530 2530 1976 1974 0.05388 0.0943
2531 2531 2037 1977 0.02562 0.08264
2532 2532 1978 2013 0.02066 0.06686
2533 2533 1979 2074 0.00513 0.00898
2534 2534 1980 2077 0.00553 0.00967
2535 2535 1982 1981 0 0.0001
2536 2536 1987 1981 0.02975 0.04207
2537 2537 2063 1984 0.02263 0.03957
2538 2538 1987 2014 0.01127 0.02548
2539 2539 1988 2108 0.0157 0.02727
2540 2540 1991 1989 0.00752 0.01835
2541 2541 2049 1989 0.00752 0.01835
2542 2542 1990 2079 0.00445 0.01505
2543 2543 2078 1995 0.01093 0.03048
2544 2544 2085 1996 0.02496 0.08446
2545 2545 2023 2001 0.02289 0.06215
2546 2546 2011 2003 0.00413 0.00909
2547 2547 2006 2004 0.00331 0.00992
2548 2548 2007 2005 0.00413 0.01157
2549 2549 2008 2006 0.00909 0.0314
2550 2550 2010 2006 0.00413 0.00992
2551 2551 2009 2007 0.0124 0.0405
2552 2552 2010 2007 0.00413 0.01074
2553 2553 2011 2010 0 0.0001
2554 2554 2019 2018 0 0.0001
2555 2555 2040 2021 0.00697 0.0236
2556 2556 2056 2021 0.00496 0.0157
2557 2557 2058 2021 0.0157 0.02727
2558 2558 2035 2022 0.00909 0.0281
2559 2559 2037 2022 0.01157 0.03636
2560 2560 2026 2025 0 0.0001
2561 2561 2029 2064 0.02679 0.09072
2562 2562 2075 2032 0.0576 0.12215
2563 2563 2050 2034 0.00165 0.00413
2564 2564 2058 2034 0.00909 0.0281
2565 2565 2037 2036 0 0.0001
2566 2566 2036 2039 0.00707 0.02395
2567 2567 2055 2037 0.01983 0.0338
2568 2568 2106 2038 0.05808 0.10375
2569 2569 2053 2042 0.00992 0.02231
2570 2570 2052 2045 0.01818 0.03554
2571 2571 2069 2046 0.00207 0.00364
2572 2572 2051 2079 0.00497 0.01683
2573 2573 2057 2052 0.00055 0.00182
2574 2574 2248 2054 0.03074 0.09917
2575 2575 2059 2091 0.02364 0.05992
2576 2576 2067 2107 0.02174 0.0516
2577 2577 2074 2072 0.00474 0.00829
2578 2578 2081 2076 4e-05 0.00014
2579 2579 2094 2078 0.00383 0.00669
2580 2580 2115 2080 0.00014 0.00024
2581 2581 2089 2088 0 0.0001
2582 2582 2092 2088 0.02231 0.07182
2583 2583 2091 2090 0 0.0001
2584 2584 2099 2097 0.01008 0.01736
2585 2585 2099 2098 0.01083 0.01893
2586 2586 2109 2108 0 0.0001
2587 2587 2166 2116 0.00612 0.0157
2588 2588 2116 2167 0.00331 0.01091
2589 2589 2216 2117 0.03769 0.12149
2590 2590 2117 2235 0.0414 0.06942
2591 2591 2118 2131 0.00653 0.02116
2592 2592 2118 2134 0.01397 0.04463
2593 2593 2123 2119 0.00231 0.00752
2594 2594 2119 2220 0.00264 0.00752
2595 2595 2119 2311 0.01314 0.04182
2596 2596 2368 2119 0.00157 0.00496
2597 2597 2368 2119 0.00157 0.00496
2598 2598 2369 2119 0.00215 0.00719
2599 2599 2245 2120 0.03905 0.12628
2600 2600 2120 2365 0.0214 0.06917
2601 2601 2122 2121 0 0.0001
2602 2602 2121 2158 0.02355 0.06215
2603 2603 2199 2121 0.0276 0.0495
2604 2604 2121 2380 0.06645 0.17719
2605 2605 2122 2315 0.0376 0.09174
2606 2606 2306 2123 0.00397 0.01298
2607 2607 2124 2129 0.01322 0.01777
2608 2608 2250 2124 0.03636 0.12066
2609 2609 2124 2308 0.02331 0.07893
2610 2610 2229 2125 0.021 0.0679
2611 2611 2125 2377 0.02139 0.06954
2612 2612 2126 2132 0.00306 0.00992
2613 2613 2194 2126 0.00331 0.01083
2614 2614 2127 2284 0.01653 0.0314
2615 2615 2290 2127 0.03347 0.06529
2616 2616 2128 2365 0.00281 0.00917
2617 2617 2129 2193 0.02231 0.07231
2618 2618 2130 2137 0.0374 0.12066
2619 2619 2131 2306 0.00198 0.00628
2620 2620 2132 2196 0.00421 0.01058
2621 2621 2134 2133 0 0.0001
2622 2622 2269 2133 0.00868 0.0281
2623 2623 2194 2134 0.0186 0.0562
2624 2624 2337 2134 0.0205 0.06876
2625 2625 2164 2135 0.03669 0.06471
2626 2626 2135 2268 0.01975 0.06215
2627 2627 2251 2136 0.03124 0.05603
2628 2628 2136 2282 0.0262 0.04397
2629 2629 2137 2142 0.00545 0.0076
2630 2630 2146 2137 0.03413 0.05992
2631 2631 2137 2348 0.06843 0.09157
2632 2632 2139 2138 0 0.0001
2633 2633 2138 2169 0.03025 0.09752
2634 2634 2173 2138 0.00983 0.01736
2635 2635 2138 2377 0.03669 0.11818
2636 2636 2255 2139 0.00711 0.02314
2637 2637 2139 2304 0.00331 0.01074
2638 2638 2140 2339 0.01719 0.05777
2639 2639 2349 2140 0.01636 0.05289
2640 2640 2349 2140 0.01636 0.05289
2641 2641 2345 2141 0.02132 0.06942
2642 2642 2141 2357 0.02769 0.0895
2643 2643 2142 2316 0.06661 0.11306
2644 2644 2143 2187 0.02868 0.09256
2645 2645 2294 2143 0.01851 0.0595
2646 2646 2145 2144 0.01223 0.0386
2647 2647 2145 2328 0.0395 0.12455
2648 2648 2189 2146 0.01455 0.04702
2649 2649 2169 2147 0.01116 0.01529
2650 2650 2147 2233 0.01116 0.01529
2651 2651 2148 2374 0.00182 0.00388
2652 2652 2313 2149 0.01824 0.05899
2653 2653 2229 2150 0.0405 0.07107
2654 2654 2150 2322 0.04628 0.07107
2655 2655 2164 2151 0.03587 0.07132
2656 2656 2151 2323 0.03587 0.07132
2657 2657 2152 2260 0.02234 0.07496
2658 2658 2290 2152 0.02041 0.07165
2659 2659 2374 2153 0.03653 0.06413
2660 2660 2154 2200 0.01364 0.03554
2661 2661 2154 2303 0.00851 0.02174
2662 2662 2360 2155 0.00967 0.01702
2663 2663 2155 2362 0.0057 0.01017
2664 2664 2156 2157 0.05504 0.1643
2665 2665 2366 2156 0.0214 0.06887
2666 2666 2158 2157 0 0.0001
2667 2667 2214 2157 0.00926 0.03008
2668 2668 2351 2157 0.02661 0.08942
2669 2669 2213 2158 0.00909 0.02975
2670 2670 2160 2159 0.00909 0.0281
2671 2671 2159 2165 0.1 0.1595
2672 2672 2159 2251 0.03587 0.05868
2673 2673 2284 2159 0.01653 0.0314
2674 2674 2375 2159 0.00165 0.00529
2675 2675 2279 2160 0.02041 0.06612
2676 2676 2298 2161 0.02975 0.09587
2677 2677 2161 2375 0.00331 0.01058
2678 2678 2162 2195 0.00562 0.01893
2679 2679 2163 2196 0.00562 0.01893
2680 2680 2233 2165 0.00124 0.00413
2681 2681 2165 2263 0.00793 0.02231
2682 2682 2296 2165 0.00124 0.00413
2683 2683 2328 2165 0.05455 0.18017
2684 2684 2166 2168 0.02074 0.06727
2685 2685 2171 2166 0.0076 0.01983
2686 2686 2282 2166 0.01281 0.02149
2687 2687 2297 2166 0.00124 0.00413
2688 2688 2338 2166 0.03248 0.1081
2689 2689 2167 2169 0.01917 0.02595
2690 2690 2286 2167 0.00504 0.01686
2691 2691 2167 2287 0.00463 0.01488
2692 2692 2167 2371 0.00463 0.01488
2693 2693 2263 2168 0.00132 0.00421
2694 2694 2168 2275 0.00661 0.0157
2695 2695 2168 2370 0.00463 0.01488
2696 2696 2299 2169 0.03587 0.09008
2697 2697 2307 2169 0.00124 0.00413
2698 2698 2205 2170 0.0395 0.06959
2699 2699 2206 2170 0.01149 0.03471
2700 2700 2241 2170 0.03479 0.1119
2701 2701 2275 2170 0.01405 0.03636
2702 2702 2170 2327 0.01496 0.0438
2703 2703 2367 2170 0.015 0.04714
2704 2704 2330 2171 0.01545 0.04603
2705 2705 2173 2172 0 0.0001
2706 2706 2180 2172 0.00124 0.00413
2707 2707 2172 2341 0.00099 0.00347
2708 2708 2172 2356 0.01083 0.03471
2709 2709 2173 2179 0.00496 0.01273
2710 2710 2173 2332 0.00124 0.00413
2711 2711 2174 2257 0.01039 0.05083
2712 2712 2267 2174 0.02446 0.04347
2713 2713 2185 2175 0.00149 0.00496
2714 2714 2175 2186 0.0057 0.01818
2715 2715 2176 2247 0.0181 0.05702
2716 2716 2177 2232 0.0676 0.11901
2717 2717 2352 2177 0.03868 0.0681
2718 2718 2178 2199 0.03967 0.07157
2719 2719 2209 2178 0.02983 0.05793
2720 2720 2179 2299 0.00372 0.00934
2721 2721 2332 2180 0.00124 0.00413
2722 2722 2181 2339 0.00496 0.00744
2723 2723 2182 2340 0.00496 0.00744
2724 2724 2183 2235 0.03314 0.06116
2725 2725 2184 2286 0.00909 0.02893
2726 2726 2296 2184 0.00545 0.01736
2727 2727 2325 2185 0.00273 0.00826
2728 2728 2188 2186 0 0.0001
2729 2729 2193 2186 0.0314 0.09884
2730 2730 2309 2186 0.00736 0.0238
2731 2731 2221 2187 0.04025 0.13025
2732 2732 2225 2187 0.02124 0.0686
2733 2733 2352 2187 0.04248 0.11207
2734 2734 2221 2188 0.04 0.12959
2735 2735 2324 2188 0.0095 0.02455
2736 2736 2285 2190 0.03669 0.11669
2737 2737 2190 2382 0.03306 0.08264
2738 2738 2228 2191 0.00983 0.01727
2739 2739 2250 2191 0.04669 0.08182
2740 2740 2191 2276 0.00992 0.03322
2741 2741 2191 2335 0.02455 0.07992
2742 2742 2192 2237 0.00926 0.0238
2743 2743 2274 2192 0.01033 0.02653
2744 2744 2196 2195 0 0.0001
2745 2745 2212 2195 0.03025 0.06281
2746 2746 2336 2195 0.0376 0.12165
2747 2747 2368 2195 0.00736 0.0238
2748 2748 2204 2196 0.04124 0.07231
2749 2749 2220 2196 0.00405 0.01058
2750 2750 2302 2196 0.00091 0.00306
2751 2751 2274 2197 0.00851 0.02074
2752 2752 2197 2333 0.0405 0.09669
2753 2753 2198 2258 0.03025 0.09752
2754 2754 2198 2272 0.01446 0.05554
2755 2755 2200 2361 0.05769 0.14545
2756 2756 2202 2201 0 0.0001
2757 2757 2202 2376 0.04702 0.07851
2758 2758 2203 2205 0.05306 0.09355
2759 2759 2320 2203 0.05807 0.10306
2760 2760 2328 2203 0.05397 0.17008
2761 2761 2210 2204 0.00361 0.01166
2762 2762 2356 2206 0.00826 0.02893
2763 2763 2207 2209 0.00521 0.01413
2764 2764 2208 2255 0.00289 0.00926
2765 2765 2341 2208 0.00207 0.00694
2766 2766 2209 2351 0.01843 0.0619
2767 2767 2316 2210 0.06898 0.12121
2768 2768 2211 2214 0.00132 0.00421
2769 2769 2224 2211 0.00744 0.02397
2770 2770 2295 2212 0.01322 0.03306
2771 2771 2224 2213 0.01595 0.05124
2772 2772 2215 2217 0.00661 0.01372
2773 2773 2278 2215 0.03545 0.08736
2774 2774 2218 2216 0.01942 0.06281
2775 2775 2237 2217 0.00785 0.01983
2776 2776 2245 2218 0.02339 0.07587
2777 2777 2301 2218 0.01568 0.0507
2778 2778 2219 2251 0.03347 0.06529
2779 2779 2223 2221 0.00405 0.01331
2780 2780 2221 2238 0.04033 0.13041
2781 2781 2222 2227 0.0181 0.05702
2782 2782 2222 2352 0.02041 0.06843
2783 2783 2240 2223 0.02074 0.06628
2784 2784 2224 2318 0.03347 0.06529
2785 2785 2276 2225 0.03364 0.10744
2786 2786 2362 2226 0.03479 0.10281
2787 2787 2227 2339 0.00851 0.02686
2788 2788 2267 2228 0.05322 0.09347
2789 2789 2230 2229 0.00413 0.01372
2790 2790 2355 2230 0.03438 0.06099
2791 2791 2231 2236 0.01992 0.05245
2792 2792 2334 2231 0.01187 0.03176
2793 2793 2292 2232 0.05042 0.10487
2794 2794 2232 2362 0.03198 0.07876
2795 2795 2233 2259 0.00124 0.00413
2796 2796 2233 2259 0.00124 0.00413
2797 2797 2234 2361 0.01579 0.04017
2798 2798 2235 2257 0.03603 0.12893
2799 2799 2236 2359 0.03678 0.09397
2800 2800 2247 2237 0.00826 0.02628
2801 2801 2273 2237 0.0162 0.0338
2802 2802 2238 2298 0.00512 0.01653
2803 2803 2268 2239 0.05661 0.09983
2804 2804 2239 2380 0.04438 0.07826
2805 2805 2335 2240 0.02835 0.09223
2806 2806 2338 2241 0.00702 0.0224
2807 2807 2246 2242 0.0205 0.06876
2808 2808 2242 2280 0.0205 0.06876
2809 2809 2309 2243 0.00826 0.01653
2810 2810 2324 2243 0.00421 0.01074
2811 2811 2310 2244 0.02901 0.09438
2812 2812 2346 2244 0.03058 0.05372
2813 2813 2246 2258 0.0331 0.11107
2814 2814 2248 2269 0.02479 0.08
2815 2815 2249 2262 0.02818 0.09116
2816 2816 2252 2311 0.03099 0.07901
2817 2817 2253 2274 0.02231 0.05702
2818 2818 2323 2254 0.03091 0.08107
2819 2819 2254 2380 0.04207 0.11074
2820 2820 2256 2283 0.00248 0.00744
2821 2821 2287 2256 0.00306 0.00992
2822 2822 2258 2257 0 0.0001
2823 2823 2257 2260 0.01281 0.04298
2824 2824 2262 2257 0.03587 0.1157
2825 2825 2258 2261 0.01281 0.04298
2826 2826 2261 2260 0 0.0001
2827 2827 2271 2260 0.01157 0.03769
2828 2828 2331 2260 0.15802 0.18273
2829 2829 2266 2261 0.00661 0.01372
2830 2830 2272 2261 0.00983 0.01752
2831 2831 2365 2261 0.01165 0.03769
2832 2832 2270 2264 0.00661 0.01372
2833 2833 2264 2271 0.00537 0.01736
2834 2834 2355 2265 0.0395 0.1281
2835 2835 2265 2378 0.00165 0.00496
2836 2836 2272 2270 0.00661 0.01372
2837 2837 2274 2273 0 0.0001
2838 2838 2310 2273 0.00942 0.03066
2839 2839 2376 2273 0.06223 0.10413
2840 2840 2277 2366 0.00026 0.00066
2841 2841 2280 2279 0 0.0001
2842 2842 2281 2334 0.00843 0.02149
2843 2843 2338 2281 0.00843 0.02149
2844 2844 2283 2326 0.00364 0.01074
2845 2845 2285 2314 0.01967 0.08612
2846 2846 2288 2344 0.00529 0.01074
2847 2847 2288 2345 0.01554 0.05455
2848 2848 2310 2289 0.02781 0.08994
2849 2849 2291 2305 0.034 0.10995
2850 2850 2308 2292 0.01976 0.0514
2851 2851 2327 2293 0.00777 0.02479
2852 2852 2293 2330 0.00736 0.02372
2853 2853 2336 2294 0.00207 0.00727
2854 2854 2379 2295 0.05686 0.09339
2855 2855 2304 2300 0.00645 0.02066
2856 2856 2300 2353 0.04174 0.07322
2857 2857 2354 2300 0.01132 0.03636
2858 2858 2303 2343 0.00281 0.00702
2859 2859 2305 2316 0.01607 0.05279
2860 2860 2312 2313 0.00347 0.01264
2861 2861 2319 2313 0.05314 0.09339
2862 2862 2313 2381 0.07661 0.13182
2863 2863 2329 2317 0.01405 0.02314
2864 2864 2317 2350 0.0281 0.04711
2865 2865 2318 2321 0.03347 0.06529
2866 2866 2374 2319 0.08314 0.14628
2867 2867 2321 2323 0.05107 0.08512
2868 2868 2322 2323 0.01653 0.03306
2869 2869 2323 2329 0.00496 0.00826
2870 2870 2323 2380 0.07306 0.1919
2871 2871 2359 2324 0.02017 0.05223
2872 2872 2324 2379 0.03562 0.10942
2873 2873 2326 2367 0.00525 0.0165
2874 2874 2340 2339 0 0.0001
2875 2875 2342 2339 0.00421 0.01355
2876 2876 2343 2339 0.00306 0.00992
2877 2877 2342 2343 0.00554 0.01793
2878 2878 2344 2342 0.01777 0.05736
2879 2879 2347 2342 0.00496 0.00744
2880 2880 2347 2342 0.00992 0.03488
2881 2881 2348 2379 0.08653 0.11405
2882 2882 2350 2366 0.01686 0.05427
2883 2883 2353 2378 0.02306 0.07438
2884 2884 2354 2377 0.01736 0.05686
2885 2885 2358 2357 0 0.0001
2886 2886 2357 2363 0.01504 0.04132
2887 2887 2357 2372 0.00496 0.00744
2888 2888 2357 2372 0.00496 0.00744
2889 2889 2358 2361 0.01843 0.06
2890 2890 2363 2360 0.00934 0.01653
2891 2891 2362 2361 0 0.0001
2892 2892 2364 2367 0.00026 0.00066
2893 2893 2373 2372 0 0.0001
2894 2894 2378 2377 0 0.0001
2895 2895 2381 2380 0 0.0001
2896 2896 2382 2381 0.01264 0.03802
