#branch_name branch_num bus_from bus_to r(pu)       x(pu)
1 1 1833 1 0.002607 0.017462
2 2 29 2 2.1e-05 0.000125
3 3 675 2 0.000145 0.001877
4 4 1271 2 0.000319 0.003234
5 5 30 2 2.1e-05 0.000125
6 6 142 3 0.006163 0.041067
7 7 677 3 0.000652 0.004369
8 8 1048 4 0.009733 0.034089
9 9 101 5 0.000277 0.002015
10 10 286 6 0.00881 0.033995
11 11 329 6 0.004642 0.019832
12 12 737 5 0.008861 0.03506
13 13 760 5 0.006993 0.032869
14 14 1330 6 0.002173 0.008731
15 15 1350 5 0.00077 0.003121
16 16 1523 6 0.004109 0.016138
17 17 102 8 8.3e-05 0.000907
18 18 316 8 0.000552 0.006726
19 19 623 8 0.000512 0.008012
20 20 882 8 0.001107 0.00918
21 21 103 7 6.2e-05 0.000741
22 22 623 8 0.000512 0.008019
23 23 623 7 0.001153 0.013123
24 24 113 9 0.000158 0.000672
25 25 1134 9 4.5e-05 8.9e-05
26 26 346 10 0.00478 0.028622
27 27 345 10 0.00478 0.028583
28 28 106 11 0.000257 0.000514
29 29 758 12 0.000257 0.002153
30 30 962 12 0.000277 0.000869
31 31 955 13 0.000237 0.00083
32 32 995 13 0.000178 0.000612
33 33 39 14 0.002568 0.011753
34 34 1428 14 0.002568 0.011615
35 35 1054 16 9.9e-05 0.00077
36 36 1054 15 9.9e-05 0.00077
37 37 1428 17 0.000514 0.003437
38 38 1432 17 0.005476 0.036879
39 39 39 17 0.000514 0.003457
40 40 869 18 0.003477 0.01118
41 41 1089 18 0.000612 0.003121
42 42 1164 20 2.4e-05 0.000144
43 43 1164 19 7.1e-05 0.000162
44 44 972 21 0.000257 0.001165
45 45 476 22 0.005709 0.037926
46 46 1497 22 0.001758 0.011654
47 47 69 23 0.001383 0.009462
48 48 446 23 0.00156 0.006933
49 49 605 23 0.006376 0.028733
50 50 987 23 0.00158 0.010627
51 51 845 25 0.001086 0.003536
52 52 845 26 0.001086 0.003536
53 53 123 27 0.004741 0.020385
54 54 1479 27 0.009027 0.048869
55 55 1500 27 0.003516 0.016257
56 56 289 28 0.000514 0.003417
57 57 307 28 0.001084 0.007198
58 58 1451 28 0.000523 0.002436
59 59 289 28 0.000514 0.003457
60 60 307 28 0.001086 0.007249
61 61 1450 28 0.000553 0.002469
62 62 307 28 0.001086 0.007269
63 63 842 31 0.001837 0.011694
64 64 960 31 0.001067 0.007131
65 65 1269 31 0.001284 0.008593
66 66 1270 31 0.001284 0.008593
67 67 1270 31 0.001284 0.008533
68 68 212 33 0.000494 0.000928
69 69 326 33 0.000184 0.00159
70 70 1153 33 0.000198 0.001711
71 71 1170 33 0.000751 0.003358
72 72 344 2013 0.000178 0.001047
73 73 489 34 0.000119 0.000474
74 74 955 2013 0.000316 0.002232
75 75 1257 35 0.037227 0.106836
76 76 1439 35 0.006089 0.020756
77 77 846 36 0.000729 0.005118
78 78 846 36 0.000755 0.005235
79 79 228 37 0.001787 0.01946
80 80 477 38 0.001719 0.00877
81 81 1179 38 0.009165 0.04318
82 82 134 39 0.004879 0.032454
83 83 195 39 0.006341 0.042746
84 84 208 39 0.006914 0.031249
85 85 296 40 0.000582 0.007652
86 86 766 40 0.001648 0.021634
87 87 950 40 0.000838 0.014301
88 88 1282 40 0.001163 0.015312
89 89 296 40 0.000575 0.007576
90 90 766 40 0.001646 0.021633
91 91 950 40 0.000838 0.014287
92 92 1281 40 0.00117 0.015339
93 93 1282 40 0.001821 0.017874
94 94 558 41 0.000672 0.003477
95 95 1420 42 0.000632 0.004188
96 96 1420 43 0.000612 0.004148
97 97 1040 44 0.000672 0.004405
98 98 1521 44 0.000968 0.004602
99 99 1040 44 0.000632 0.004444
100 100 1524 45 0.001975 0.013215
101 101 1525 45 0.001956 0.013037
102 102 1321 46 0.002933 0.010267
103 103 1429 46 0.0028 0.007511
104 104 49 48 2e-05 0.000198
105 105 49 47 2e-05 0.000198
106 106 277 49 0.000277 0.000928
107 107 298 49 0.002037 0.010904
108 108 318 49 0.000415 0.002015
109 109 370 49 0.000395 0.00156
110 110 608 49 4e-05 0.000178
111 111 836 49 0.001323 0.012444
112 112 1227 49 0.000454 0.002133
113 113 1381 49 0.000119 0.000691
114 114 1411 49 0.00083 0.005175
115 115 277 49 0.000277 0.000928
116 116 836 49 0.001314 0.012115
117 117 1379 49 5.9e-05 0.000217
118 118 1378 49 5.9e-05 0.000217
119 119 1169 50 0.000158 0.000948
120 120 704 51 0.001521 0.007076
121 121 1265 51 0.002469 0.011457
122 122 404 52 0.001442 0.009699
123 123 427 52 0.001422 0.009541
124 124 459 53 0.004681 0.028227
125 125 765 53 0.001185 0.008
126 126 1529 53 0.005333 0.02722
127 127 766 54 0.000145 0.001911
128 128 1417 54 0.000253 0.003323
129 129 1101 56 0.000494 0.002252
130 130 1101 55 0.000494 0.002252
131 131 97 1827 0.004563 0.030696
132 132 320 1827 0.009857 0.04478
133 133 813 1827 0.017106 0.078321
134 134 1287 1827 0.010272 0.048691
135 135 461 57 0.012978 0.059338
136 136 827 57 0.01197 0.056632
137 137 1429 58 0.000578 0.001156
138 138 1090 60 0.000316 0.001679
139 139 1090 59 0.000316 0.001679
140 140 713 61 0.000277 0.000573
141 141 1032 62 0.001055 0.004836
142 142 998 63 0.002114 0.008553
143 143 342 65 0.000158 0.000652
144 144 894 64 0.000198 0.000731
145 145 1265 66 0.00324 0.012616
146 146 1397 67 0.007522 0.029736
147 147 1543 67 0.006809 0.03043
148 148 404 69 0.002153 0.014736
149 149 469 68 0.000581 0.003838
150 150 791 68 0.001857 0.020306
151 151 1348 69 0.002331 0.015526
152 152 1480 68 0.001345 0.008968
153 153 470 68 0.000573 0.003911
154 154 640 68 0.001896 0.012701
155 155 556 70 0.000602 0.006717
156 156 792 70 0.00063 0.007098
157 157 1421 70 0.000367 0.004631
158 158 792 70 0.000472 0.006201
159 159 1416 70 0.001504 0.019298
160 160 203 72 0.000158 0.001106
161 161 375 71 0.000219 0.00193
162 162 403 71 0.000158 0.000909
163 163 982 71 0.000411 0.00356
164 164 1104 72 0.000158 0.001264
165 165 842 73 0.000198 0.001383
166 166 842 74 0.000217 0.001402
167 167 387 75 0.001304 0.008691
168 168 842 75 0.000691 0.004662
169 169 78 76 9.9e-05 0.000415
170 170 300 77 1e-06 0.000104
171 171 436 77 0.000353 0.004584
172 172 705 77 0.000699 0.009179
173 173 436 77 0.000353 0.004584
174 174 705 77 0.000734 0.009245
175 175 302 77 7e-06 0.000104
176 176 301 77 7e-06 0.000104
177 177 435 78 0.002556 0.017333
178 178 1040 78 0.008849 0.062617
179 179 1431 79 2.2e-05 9.9e-05
180 180 1430 80 2e-05 9.9e-05
181 181 745 81 0.000573 0.002588
182 182 1432 82 2e-05 0.000198
183 183 626 83 0.000138 0.00077
184 184 181 84 0.001171 0.007842
185 185 855 84 0.002212 0.014979
186 186 1186 85 0.000691 0.002588
187 187 1187 85 0.000691 0.002588
188 188 553 86 0.001627 0.014855
189 189 553 86 0.001676 0.013899
190 190 519 87 0.003081 0.020286
191 191 870 87 0.00241 0.01603
192 192 1300 88 0.000176 0.001385
193 193 1351 88 0.001817 0.012642
194 194 1351 88 0.001865 0.012502
195 195 283 89 0.007422 0.024489
196 196 467 89 0.028356 0.083956
197 197 729 89 0.016844 0.058489
198 198 1335 89 0.009067 0.028133
199 199 1433 90 0.000593 0.00401
200 200 376 91 0.010351 0.032395
201 201 1489 91 0.009146 0.025778
202 202 934 93 0.000395 0.006648
203 203 950 93 0.000492 0.008345
204 204 1062 92 0.001198 0.015699
205 205 1110 93 0.000734 0.010623
206 206 1282 92 0.001479 0.019446
207 207 1347 92 0.000305 0.003975
208 208 935 92 0.000395 0.006641
209 209 950 92 0.000492 0.008338
210 210 1062 93 0.001184 0.015568
211 211 1110 92 0.000734 0.010623
212 212 1281 93 0.001482 0.019467
213 213 1347 93 0.000305 0.003982
214 214 937 92 0.000388 0.0066
215 215 936 93 0.000388 0.006593
216 216 1149 96 0.001817 0.012049
217 217 149 97 0.003496 0.023269
218 218 680 98 0.030213 0.105538
219 219 701 98 0.019498 0.06712
220 220 702 99 0.006262 0.040849
221 221 1232 100 2e-05 0.000198
222 222 616 101 0.001936 0.0128
223 223 231 104 2e-05 0.000198
224 224 955 104 0.000296 0.000988
225 225 232 1828 8.5e-05 0.000198
226 226 542 105 0.002487 0.016492
227 227 628 105 0.000873 0.003563
228 228 772 105 0.003563 0.023682
229 229 1059 105 0.002724 0.018108
230 230 627 105 0.000873 0.003563
231 231 955 106 0.000257 0.000928
232 232 122 107 0.002291 0.009936
233 233 872 107 0.004168 0.028918
234 234 1127 107 0.002054 0.024691
235 235 1168 107 0.004879 0.032533
236 236 1405 107 0.005294 0.036998
237 237 1436 107 0.001422 0.009896
238 238 554 108 0.002168 0.029238
239 239 596 108 0.001468 0.01491
240 240 776 108 0.002479 0.028151
241 241 1128 108 0.00072 0.00946
242 242 597 108 0.00142 0.01617
243 243 776 108 0.002486 0.028165
244 244 1216 108 0.001184 0.016073
245 245 854 109 0.000521 0.002315
246 246 145 110 0.000178 0.000909
247 247 227 111 0.00241 0.015694
248 248 783 111 0.006874 0.044761
249 249 772 112 0.001521 0.021728
250 250 1533 112 0.001304 0.017205
251 251 297 113 0.000336 0.001363
252 252 371 113 0.000178 0.001422
253 253 1348 114 0.002252 0.011951
254 254 1435 114 0.00079 0.005333
255 255 394 115 0.001501 0.010015
256 256 413 115 0.003103 0.021146
257 257 1341 115 0.00162 0.010765
258 258 1514 115 0.001807 0.017201
259 259 132 115 0.000217 0.001442
260 260 1341 115 0.00162 0.010726
261 261 131 115 0.000119 0.001086
262 262 651 117 0.00072 0.009453
263 263 774 117 0.003206 0.03536
264 264 1367 117 0.000616 0.008054
265 265 651 117 0.000713 0.009384
266 266 1368 117 0.000616 0.008061
267 267 133 117 3.5e-05 0.000374
268 268 990 119 0.013393 0.069551
269 269 1030 119 0.013491 0.070361
270 270 845 120 0.001956 0.010469
271 271 1021 120 0.001402 0.010173
272 272 1302 121 0.000648 0.00657
273 273 1302 121 0.000651 0.006572
274 274 622 123 0.00332 0.015328
275 275 716 124 0.007307 0.029226
276 276 1487 124 0.006551 0.01285
277 277 1437 125 2.4e-05 9.7e-05
278 278 157 126 9.9e-05 0.000198
279 279 158 130 1.4e-05 0.000145
280 280 158 127 7e-06 0.000159
281 281 158 128 1.4e-05 0.000166
282 282 158 129 1.4e-05 0.00018
283 283 845 135 0.000251 0.002177
284 284 839 136 0.001084 0.014247
285 285 890 136 0.000492 0.006489
286 286 915 136 7e-06 0.000152
287 287 838 136 0.001112 0.01462
288 288 891 136 0.000492 0.006489
289 289 916 136 7e-06 0.000104
290 290 395 137 0.001264 0.00964
291 291 408 137 0.001264 0.008415
292 292 811 137 0.002627 0.012188
293 293 812 137 0.001063 0.007064
294 294 1241 137 0.002489 0.016711
295 295 1486 137 0.0016 0.014933
296 296 395 137 0.001264 0.009659
297 297 263 138 0.000501 0.005472
298 298 821 138 0.000429 0.004737
299 299 376 140 0.000553 0.003714
300 300 416 140 0.003951 0.020148
301 301 1279 140 0.007447 0.034884
302 302 1314 140 0.000632 0.004286
303 303 376 140 0.000553 0.003714
304 304 986 140 0.001106 0.005353
305 305 1314 140 0.000672 0.004543
306 306 919 142 0.004188 0.027872
307 307 1336 142 0.00322 0.022183
308 308 1336 142 0.00322 0.022183
309 309 395 143 0.000217 0.00081
310 310 395 144 0.000257 0.000988
311 311 813 145 0.003358 0.02242
312 312 1524 145 0.003437 0.022933
313 313 827 146 0.002145 0.009679
314 314 827 147 0.002125 0.009576
315 315 517 148 0.000691 0.001383
316 316 1109 149 0.001699 0.011299
317 317 416 150 0.0048 0.022637
318 318 871 150 0.003319 0.015664
319 319 181 151 0.000514 0.001541
320 320 354 153 0.00324 0.034272
321 321 494 154 0.005077 0.023783
322 322 918 154 0.002368 0.018825
323 323 1027 154 0.003279 0.043101
324 324 1238 154 0.0014 0.011018
325 325 153 152 4.8e-05 8.8e-05
326 326 983 155 0.000102 0.001632
327 327 438 156 0.001027 0.017738
328 328 626 156 0.000318 0.002424
329 329 437 156 0.001027 0.017738
330 330 626 156 0.000397 0.002657
331 331 857 158 0.000637 0.008255
332 332 979 158 0.000688 0.009993
333 333 390 158 0.000443 0.006454
334 334 978 158 0.000688 0.009993
335 335 390 158 0.000464 0.006766
336 336 390 158 0.000464 0.006773
337 337 980 159 0.001025 0.004614
338 338 947 160 0.001934 0.01293
339 339 1351 160 0.004642 0.03089
340 340 164 163 0.000968 0.001975
341 341 164 161 0.000968 0.001975
342 342 164 162 0.000968 0.001975
343 343 785 164 0.00348 0.023956
344 344 1007 164 0.002449 0.017106
345 345 1453 164 0.006001 0.041452
346 346 1500 165 4e-05 0.000198
347 347 658 166 0.001205 0.005511
348 348 574 167 0.01438 0.065067
349 349 827 167 0.003538 0.016484
350 350 1006 167 0.012634 0.056573
351 351 1460 167 0.003516 0.016158
352 352 1464 167 0.00316 0.014914
353 353 1542 167 0.007704 0.034647
354 354 827 167 0.002489 0.016257
355 355 282 167 0.003457 0.015467
356 356 776 168 0.006579 0.049467
357 357 1126 168 0.001357 0.014821
358 358 760 169 0.00352 0.014823
359 359 1439 170 0.001111 0.003244
360 360 1438 172 2e-05 0.000198
361 361 1440 171 9.9e-05 0.000296
362 362 1415 173 0.000936 0.006236
363 363 1125 179 0.000217 0.00079
364 364 1125 178 0.000217 0.00079
365 365 1125 177 0.000237 0.000988
366 366 1125 176 0.000237 0.000988
367 367 1125 175 0.000257 0.000988
368 368 1126 180 0.000111 0.001026
369 369 958 181 0.001636 0.010939
370 370 769 182 0.000257 0.001758
371 371 1082 182 0.00162 0.011121
372 372 1242 186 1.4e-05 0.000173
373 373 1243 185 1.4e-05 0.000187
374 374 1242 183 1.4e-05 0.000201
375 375 1243 184 1.4e-05 0.000201
376 376 1032 187 0.005215 0.035002
377 377 477 188 0.001397 0.009306
378 378 763 188 0.003415 0.021827
379 379 1441 189 2e-05 9.9e-05
380 380 554 190 7e-06 0.000132
381 381 554 191 7e-06 0.000104
382 382 1274 192 0.000237 0.000573
383 383 674 194 0.000869 0.003891
384 384 674 193 0.000869 0.003891
385 385 1443 197 0.002706 0.0128
386 386 1452 198 0.00237 0.015803
387 387 493 199 0.003554 0.024524
388 388 586 199 0.006493 0.043265
389 389 1183 199 0.007921 0.053985
390 390 1478 199 0.004543 0.030262
391 391 1238 200 0.001126 0.004978
392 392 267 201 0.003536 0.01683
393 393 1212 201 0.001541 0.009936
394 394 1328 201 0.008375 0.039704
395 395 229 202 0.011378 0.053886
396 396 708 202 0.003457 0.023724
397 397 750 202 0.008415 0.041422
398 398 1176 202 0.003793 0.017007
399 399 1530 202 0.004701 0.026726
400 400 1833 202 0.001877 0.018252
401 401 1833 202 0.001857 0.017521
402 402 447 203 4.8e-05 8.8e-05
403 403 1156 203 0.000533 0.004642
404 404 477 204 0.002827 0.011058
405 405 763 204 0.002258 0.00946
406 406 730 205 0.001363 0.009126
407 407 1329 205 0.0016 0.010825
408 408 730 205 0.001402 0.009422
409 409 1329 205 0.00162 0.010963
410 410 121 206 0.001153 0.010798
411 411 121 206 0.00115 0.010796
412 412 1025 207 0.000377 0.00069
413 413 1104 207 0.000336 0.001304
414 414 208 1829 2e-05 0.000198
415 415 1189 208 0.005472 0.024889
416 416 440 209 0.002015 0.013551
417 417 1052 209 0.012484 0.056454
418 418 1071 209 0.000869 0.003911
419 419 1072 209 0.000869 0.003911
420 420 1539 209 0.001001 0.006712
421 421 1442 210 0.000614 0.004093
422 422 479 211 0.000523 0.002596
423 423 196 213 0.00484 0.021393
424 424 218 213 0.001541 0.007309
425 425 251 213 0.000672 0.004602
426 426 567 213 0.00243 0.011477
427 427 1338 213 0.002311 0.011378
428 428 1447 213 0.000474 0.002331
429 429 1455 213 0.002825 0.019082
430 430 544 213 0.004286 0.029037
431 431 1443 213 0.002074 0.009758
432 432 263 215 0.001566 0.015874
433 433 357 215 0.001309 0.01286
434 434 260 216 7e-06 0.000125
435 435 559 216 0.000693 0.007687
436 436 1443 217 0.000691 0.003279
437 437 425 220 0.000277 0.001916
438 438 425 219 0.000277 0.001936
439 439 1055 221 0.000217 0.001205
440 440 448 222 0.00162 0.007447
441 441 1050 222 0.000889 0.005965
442 442 479 223 0.000533 0.003536
443 443 1444 224 0.000178 0.001185
444 444 614 225 0.002889 0.0064
445 445 1030 1830 0.000205 0.002108
446 446 350 226 0.002899 0.029385
447 447 787 226 0.002045 0.020735
448 448 783 227 0.00924 0.060219
449 449 846 227 0.009007 0.066726
450 450 893 227 0.004543 0.030479
451 451 893 227 0.004326 0.029037
452 452 1150 228 0.001357 0.017597
453 453 1150 228 0.001343 0.01741
454 454 1032 229 0.003615 0.024178
455 455 739 230 0.001136 0.012154
456 456 792 230 0.001309 0.013996
457 457 910 232 0.000257 0.001521
458 458 942 232 0.000259 0.000506
459 459 1173 233 0.000928 0.006202
460 460 1173 234 0.000928 0.006202
461 461 1446 235 2e-05 0.000198
462 462 1445 236 2e-05 0.000198
463 463 581 237 0.001067 0.00723
464 464 841 238 0.003358 0.022341
465 465 1012 237 0.00318 0.020938
466 466 1280 237 0.000928 0.008968
467 467 1547 238 0.004899 0.022815
468 468 1280 238 0.000889 0.008415
469 469 632 239 0.000237 0.001422
470 470 848 240 0.000277 0.001086
471 471 1178 240 0.000296 0.000672
472 472 386 242 0.002267 0.007156
473 473 1367 243 0.000286 0.004868
474 474 1367 244 0.000287 0.004892
475 475 1368 245 0.000283 0.004814
476 476 1368 246 0.000285 0.004843
477 477 997 247 0.000514 0.001383
478 478 1164 247 0.000247 0.001084
479 479 670 249 0.013096 0.066153
480 480 702 248 0.002074 0.009956
481 481 702 248 0.001533 0.009225
482 482 702 249 0.00156 0.009343
483 483 784 250 0.001452 0.020223
484 484 1352 250 0.001672 0.022177
485 485 784 250 0.001447 0.020166
486 486 1352 250 0.001669 0.022168
487 487 891 252 0.002874 0.022174
488 488 949 252 0.000139 0.001115
489 489 972 256 0.00322 0.021136
490 490 991 256 0.000553 0.003694
491 491 1482 253 0.000494 0.005689
492 492 1494 256 0.000652 0.004504
493 493 1495 256 0.000652 0.004504
494 494 1481 253 0.000514 0.005689
495 495 1469 255 0.000869 0.008435
496 496 1470 254 0.000889 0.008553
497 497 814 258 0.000686 0.007091
498 498 1282 258 0.000609 0.006378
499 499 814 257 0.000686 0.007119
500 500 1281 257 0.000609 0.006406
501 501 1360 259 0.002074 0.013847
502 502 1360 259 0.002074 0.013847
503 503 295 261 0.00083 0.005649
504 504 348 261 0.002193 0.014894
505 505 752 262 0.002145 0.011151
506 506 1447 262 0.00638 0.031486
507 507 357 263 0.002877 0.028829
508 508 363 263 0.002188 0.024233
509 509 623 263 0.000997 0.014175
510 510 821 263 0.000376 0.002891
511 511 1008 263 0.000976 0.009886
512 512 1243 263 0.000389 0.003951
513 513 363 263 0.001562 0.01912
514 514 623 263 0.000998 0.014177
515 515 821 263 0.000199 0.002553
516 516 1008 263 0.000976 0.009891
517 517 1242 263 0.000388 0.003954
518 518 1242 263 0.000395 0.004003
519 519 1243 263 0.000395 0.004003
520 520 420 267 0.003101 0.020859
521 521 420 267 0.004978 0.022005
522 522 420 267 0.003121 0.0208
523 523 1353 269 0.000499 0.005048
524 524 1353 268 0.000499 0.005042
525 525 500 271 0.002193 0.010884
526 526 1179 271 0.004049 0.018272
527 527 365 272 0.011032 0.050442
528 528 602 272 0.001481 0.013926
529 529 602 272 0.001481 0.013926
530 530 436 273 0.0016 0.017334
531 531 705 273 0.000312 0.004044
532 532 1041 273 0.000824 0.010499
533 533 1390 273 0.00133 0.014252
534 534 705 273 0.000312 0.004044
535 535 1041 273 0.000824 0.010505
536 536 1079 274 0.001936 0.012879
537 537 1236 275 0.000164 0.001106
538 538 318 276 0.000336 0.000849
539 539 341 277 0.000178 0.000691
540 540 1371 276 0.000316 0.001304
541 541 1381 276 9.9e-05 0.000612
542 542 1334 279 0.001146 0.007111
543 543 596 280 0.001136 0.012874
544 544 1008 280 0.000547 0.010021
545 545 1243 280 0.001184 0.012029
546 546 458 280 0.000369 0.006726
547 547 597 280 0.001136 0.012874
548 548 1242 280 0.001177 0.012029
549 549 1460 281 7.9e-05 0.000316
550 550 1120 283 0.001956 0.008844
551 551 1837 283 0.000133 0.000311
552 552 1527 285 0.000198 0.000672
553 553 1526 284 0.000198 0.000691
554 554 557 286 0.009264 0.031822
555 555 398 288 2e-05 0.000198
556 556 398 287 4e-05 0.000198
557 557 1169 289 0.00322 0.021689
558 558 406 290 0.003516 0.016415
559 559 896 290 0.004168 0.028346
560 560 945 290 0.001936 0.00883
561 561 1115 290 0.008099 0.036603
562 562 1409 290 0.000948 0.005886
563 563 406 290 0.002331 0.015724
564 564 1408 290 0.000948 0.005748
565 565 406 290 0.002311 0.015763
566 566 1067 290 0.000336 0.002331
567 567 861 290 0.000211 0.001199
568 568 860 290 0.000209 0.001189
569 569 294 291 2.1e-05 0.000208
570 570 308 291 0.00126 0.014141
571 571 1068 293 7.9e-05 0.000859
572 572 1260 292 0.001904 0.021302
573 573 1383 293 0.001517 0.01687
574 574 1448 292 2.1e-05 0.000187
575 575 294 292 2.1e-05 0.000208
576 576 308 291 0.00126 0.01412
577 577 839 293 0.000983 0.010949
578 578 891 293 0.001711 0.017348
579 579 1260 293 0.001281 0.018476
580 580 1260 293 0.001274 0.018324
581 581 348 295 0.002943 0.02001
582 582 810 295 0.005926 0.04079
583 583 1057 295 0.004571 0.030552
584 584 1359 295 0.002121 0.009661
585 585 1461 295 0.002969 0.013217
586 586 1488 295 0.005551 0.025146
587 587 556 296 0.000409 0.005409
588 588 709 296 0.001371 0.013871
589 589 1417 296 0.002154 0.021884
590 590 556 296 0.000416 0.005443
591 591 709 296 0.001364 0.01383
592 592 1416 296 0.002154 0.021877
593 593 342 297 0.000968 0.002943
594 594 371 297 0.000217 0.000849
595 595 895 297 0.001205 0.002746
596 596 1130 297 0.000454 0.002331
597 597 1385 297 0.001284 0.0096
598 598 1411 298 0.001225 0.006104
599 599 370 298 0.000257 0.000849
600 600 1131 298 0.000553 0.002548
601 601 1385 297 0.001284 0.00956
602 602 1385 297 0.000909 0.00879
603 603 1502 297 0.000533 0.005096
604 604 623 299 0.000277 0.002618
605 605 435 303 0.007802 0.052444
606 606 794 303 0.003101 0.020563
607 607 1057 303 0.003761 0.025235
608 608 1413 303 0.008889 0.032197
609 609 435 303 0.01442 0.071763
610 610 739 304 0.000381 0.007008
611 611 739 305 0.000374 0.006434
612 612 801 306 0.001679 0.017284
613 613 801 306 0.001501 0.018568
614 614 734 307 0.00079 0.005345
615 615 759 307 0.00255 0.017084
616 616 734 307 0.000745 0.005047
617 617 550 308 0.000741 0.009716
618 618 1386 308 0.000422 0.004709
619 619 550 308 0.000741 0.009709
620 620 1386 308 0.000422 0.004758
621 621 1386 308 0.000644 0.005035
622 622 854 309 0.004514 0.029863
623 623 1337 311 1.4e-05 0.000208
624 624 1337 310 2.1e-05 0.000242
625 625 516 312 0.002402 0.015149
626 626 667 312 0.000889 0.005333
627 627 619 313 0.000751 0.004978
628 628 767 313 0.001738 0.011694
629 629 619 313 0.000652 0.004346
630 630 427 314 0.000593 0.002667
631 631 427 315 0.000591 0.00268
632 632 999 316 0.000972 0.012113
633 633 442 317 0.003477 0.023249
634 634 610 317 0.006341 0.042232
635 635 1449 319 4.5e-05 8.9e-05
636 636 359 320 0.002601 0.017284
637 637 1427 320 0.008257 0.036427
638 638 658 321 0.001857 0.014461
639 639 1364 321 0.003202 0.030829
640 640 708 323 0.006005 0.02878
641 641 841 323 0.003595 0.0176
642 642 1405 324 0.002133 0.014756
643 643 1030 325 0.00642 0.043852
644 644 1193 325 0.003002 0.020227
645 645 1044 326 8.9e-05 0.000751
646 646 361 328 0.003477 0.018074
647 647 825 328 0.003141 0.015526
648 648 941 328 0.000237 0.001541
649 649 616 329 0.001086 0.00642
650 650 760 329 0.004464 0.021452
651 651 703 330 0.000158 0.000474
652 652 848 330 0.000198 0.00077
653 653 1451 331 1.6e-05 9.9e-05
654 654 1450 332 1.6e-05 9.9e-05
655 655 448 333 0.004899 0.033007
656 656 1109 333 0.005531 0.037215
657 657 1298 333 0.004365 0.029491
658 658 1109 333 0.005452 0.036365
659 659 427 334 0.003002 0.014163
660 660 555 334 0.001778 0.009837
661 661 435 335 0.005491 0.037076
662 662 1201 335 0.000454 0.0032
663 663 1452 335 0.00083 0.005669
664 664 435 335 0.005412 0.036543
665 665 435 335 0.005432 0.036543
666 666 1010 340 0.00877 0.026489
667 667 1159 340 0.000968 0.003516
668 668 1531 340 0.008099 0.028247
669 669 988 340 0.001521 0.00721
670 670 484 341 0.000138 0.000573
671 671 892 344 0.000198 0.000731
672 672 955 344 0.000652 0.002351
673 673 1482 344 0.000593 0.005649
674 674 892 344 0.000182 0.000622
675 675 955 344 0.000652 0.00237
676 676 1481 344 0.000612 0.005669
677 677 892 343 0.000237 0.002114
678 678 1469 344 0.000217 0.002054
679 679 1470 343 0.000217 0.002035
680 680 981 345 0.00287 0.017709
681 681 1456 346 0.002015 0.012879
682 682 557 345 0.00482 0.03119
683 683 559 347 0.000529 0.008085
684 684 882 347 0.001142 0.014569
685 685 607 348 0.002884 0.019358
686 686 990 348 0.004978 0.024514
687 687 1030 348 0.015328 0.102262
688 688 1224 348 0.005531 0.02797
689 689 1515 348 0.001067 0.007289
690 690 338 348 5.9e-05 0.000889
691 691 990 348 0.002805 0.019002
692 692 1488 348 0.001027 0.006775
693 693 336 348 7.9e-05 0.00083
694 694 337 348 5.9e-05 0.000652
695 695 436 350 0.003102 0.031524
696 696 742 350 0.001168 0.011767
697 697 436 350 0.00313 0.031724
698 698 743 350 0.001163 0.011728
699 699 786 350 0.004905 0.049964
700 700 339 350 2.1e-05 0.000249
701 701 352 351 0.001027 0.004721
702 702 836 351 0.001027 0.004899
703 703 826 352 0.002548 0.012346
704 704 365 353 0.004721 0.031348
705 705 1363 353 0.003556 0.023585
706 706 473 354 0.00156 0.01039
707 707 547 354 0.001084 0.005086
708 708 898 354 0.002153 0.012978
709 709 547 354 0.0011 0.004978
710 710 898 354 0.002173 0.013017
711 711 1454 355 0.000158 0.000691
712 712 858 356 0.002544 0.02015
713 713 1239 356 0.003727 0.028836
714 714 382 357 3.5e-05 0.000512
715 715 1008 357 0.001887 0.019088
716 716 1271 357 0.001579 0.01509
717 717 1320 357 0.000949 0.009342
718 718 381 357 3.5e-05 0.000506
719 719 1008 357 0.001874 0.018954
720 720 1320 357 0.00097 0.009536
721 721 383 357 3.5e-05 0.000547
722 722 1320 357 0.00097 0.009536
723 723 384 357 3.5e-05 0.000547
724 724 1455 358 0.000869 0.006025
725 725 478 361 0.001027 0.006677
726 726 601 360 0.009521 0.064237
727 727 825 361 0.002133 0.023348
728 728 941 362 0.002232 0.007802
729 729 1137 360 0.000593 0.002588
730 730 1166 360 2e-05 0.015803
731 731 1182 361 0.001778 0.016356
732 732 1258 361 0.011694 0.078657
733 733 1531 361 0.000237 0.00156
734 734 478 360 0.001027 0.006657
735 735 988 360 0.00476 0.022499
736 736 1166 362 2e-05 0.000198
737 737 1343 363 0.000462 0.006438
738 738 1343 363 0.000462 0.006434
739 739 527 364 0.003234 0.01923
740 740 557 364 0.019951 0.071546
741 741 933 364 0.016 0.053472
742 742 996 365 0.005472 0.037728
743 743 1268 365 0.000968 0.00638
744 744 1499 365 0.005669 0.025639
745 745 657 366 0.082196 0.171444
746 746 605 367 0.002825 0.018765
747 747 722 367 0.000474 0.003101
748 748 1420 367 0.00173 0.01154
749 749 1420 367 0.001719 0.011496
750 750 533 368 0.013472 0.067378
751 751 1106 368 0.004563 0.02448
752 752 1433 368 0.010627 0.045511
753 753 1501 368 0.009798 0.045748
754 754 1519 368 0.011674 0.053096
755 755 890 369 0.000812 0.006278
756 756 1080 369 0.001797 0.019272
757 757 1365 369 0.003831 0.029281
758 758 573 371 0.000198 0.0016
759 759 1133 371 0.000454 0.001106
760 760 1294 370 0.000316 0.000948
761 761 559 372 0.00077 0.011178
762 762 623 372 0.00088 0.012722
763 763 1242 372 0.000312 0.004467
764 764 559 373 0.000771 0.011192
765 765 623 373 0.00088 0.012715
766 766 1243 373 0.000312 0.004467
767 767 512 374 2e-05 0.000198
768 768 1274 375 0.000178 0.000632
769 769 660 377 0.00077 0.005195
770 770 1026 377 0.000553 0.003694
771 771 1117 377 0.000514 0.001007
772 772 1358 377 0.001679 0.008296
773 773 1420 377 0.002548 0.016968
774 774 660 377 0.000731 0.004938
775 775 1026 377 0.000533 0.003635
776 776 1116 377 0.000494 0.001007
777 777 530 378 0.000514 0.001185
778 778 574 379 0.000138 0.000573
779 779 752 380 0.000632 0.004168
780 780 1456 385 2e-05 0.000198
781 781 397 386 0.0004 0.001244
782 782 467 386 0.019956 0.0604
783 783 1113 386 0.017467 0.063733
784 784 1485 387 0.001233 0.008227
785 785 598 389 0.003911 0.027062
786 786 855 388 0.000711 0.006894
787 787 865 389 0.007012 0.030617
788 788 1322 388 0.007639 0.051542
789 789 443 390 0.002597 0.034127
790 790 963 390 0.002999 0.033656
791 791 1150 390 0.001302 0.013172
792 792 443 390 0.002597 0.034127
793 793 857 390 0.000256 0.002701
794 794 1150 390 0.001309 0.013255
795 795 1360 391 0.002765 0.01843
796 796 601 392 0.002114 0.012662
797 797 1437 392 0.000595 0.004024
798 798 602 393 0.001264 0.008415
799 799 1835 395 0.000731 0.001383
800 800 420 398 0.005867 0.03919
801 801 1466 398 0.003812 0.025482
802 802 1058 399 0.00316 0.021017
803 803 1079 399 0.004612 0.030706
804 804 1090 401 0.000138 0.001363
805 805 1090 400 0.000158 0.001323
806 806 520 402 0.000559 0.001024
807 807 1164 403 0.000292 0.002538
808 808 1348 404 0.000632 0.004306
809 809 964 405 0.001244 0.008415
810 810 1169 405 0.002114 0.014242
811 811 1393 407 0.001719 0.008
812 812 1427 409 0.000608 0.004067
813 813 1521 409 0.002054 0.013689
814 814 573 410 0.000356 0.000731
815 815 413 411 2e-05 9.8e-05
816 816 730 412 0.000968 0.005906
817 817 845 412 0.001331 0.009015
818 818 698 413 0.00561 0.030894
819 819 1404 413 0.003812 0.025383
820 820 1363 414 0.005233 0.024413
821 821 1499 414 0.002252 0.01037
822 822 1364 414 0.00397 0.02639
823 823 752 416 0.005314 0.024119
824 824 1314 416 0.003398 0.017541
825 825 752 416 0.005412 0.024571
826 826 279 418 0.001256 0.008251
827 827 1334 418 0.000158 0.000652
828 828 1459 419 0.001047 0.006973
829 829 620 420 0.005393 0.029649
830 830 621 420 0.005393 0.02963
831 831 1466 420 0.001877 0.012543
832 832 550 421 0.000589 0.007708
833 833 1353 421 0.00115 0.01169
834 834 1426 421 0.00241 0.024446
835 835 550 421 0.000589 0.007708
836 836 1353 421 0.00115 0.01169
837 837 1386 421 0.00153 0.015526
838 838 905 422 0.004464 0.029669
839 839 1360 422 0.005156 0.034489
840 840 1322 423 0.008122 0.036857
841 841 1355 423 0.011081 0.049936
842 842 619 424 0.000336 0.002173
843 843 504 425 0.00156 0.01041
844 844 583 425 0.000178 0.001659
845 845 1053 425 0.002035 0.012563
846 846 1060 425 0.000257 0.001659
847 847 504 425 0.001432 0.009557
848 848 1060 425 0.000158 0.001067
849 849 614 426 0.008542 0.029422
850 850 791 427 0.003368 0.036373
851 851 1349 428 0.000375 0.001383
852 852 1414 429 0.000903 0.006023
853 853 772 432 0.002359 0.016431
854 854 662 433 4e-05 0.000988
855 855 1305 433 5.9e-05 0.001185
856 856 1312 433 4e-05 0.000988
857 857 1544 434 0.000968 0.00644
858 858 919 435 0.011773 0.053926
859 859 679 436 0.000966 0.009803
860 860 961 436 0.002015 0.020838
861 861 678 436 0.000963 0.009792
862 862 1052 439 0.004207 0.029077
863 863 1303 439 0.002805 0.019378
864 864 1488 440 0.010311 0.068543
865 865 1539 440 0.001017 0.006912
866 866 711 441 0.000976 0.013206
867 867 742 441 0.001017 0.010325
868 868 829 441 0.001369 0.017997
869 869 1023 441 0.002352 0.025391
870 870 1041 441 0.002021 0.026575
871 871 711 441 0.000976 0.013213
872 872 743 441 0.001017 0.010325
873 873 1355 442 0.005223 0.034671
874 874 576 443 2.1e-05 0.000301
875 875 719 443 0.000697 0.009107
876 876 577 443 1.9e-05 0.00028
877 877 1352 443 0.001244 0.016445
878 878 495 444 0.005096 0.033837
879 879 1460 444 0.005057 0.030084
880 880 1461 445 2e-06 0.000198
881 881 721 446 0.000336 0.001481
882 882 1348 446 0.000652 0.004346
883 883 720 446 0.000336 0.001501
884 884 515 448 0.006202 0.041343
885 885 1298 448 0.001205 0.008099
886 886 1298 448 0.001225 0.008099
887 887 1462 449 0.000988 0.005709
888 888 1055 450 0.001877 0.012504
889 889 1101 450 0.001462 0.009758
890 890 1260 452 2.8e-05 0.000388
891 891 1260 451 2.8e-05 0.000388
892 892 1260 453 2.8e-05 0.000388
893 893 1260 454 2.8e-05 0.000388
894 894 730 455 0.000672 0.003891
895 895 730 455 0.000632 0.003812
896 896 570 456 0.00083 0.005709
897 897 1096 456 0.001709 0.016636
898 898 1185 456 0.001758 0.017442
899 899 570 456 0.00083 0.005709
900 900 1008 458 0.000187 0.00349
901 901 765 459 0.003773 0.025264
902 902 1189 459 0.005195 0.023585
903 903 1069 460 4e-05 0.000988
904 904 1319 460 5.9e-05 0.001047
905 905 1307 460 7.9e-05 0.001284
906 906 775 461 0.028721 0.081007
907 907 795 461 0.012247 0.062222
908 908 853 461 0.009067 0.042884
909 909 868 461 0.020602 0.068109
910 910 919 461 0.016691 0.075299
911 911 1218 461 0.008158 0.03516
912 912 1328 461 0.016612 0.078676
913 913 827 461 0.023407 0.110815
914 914 776 462 0.001898 0.021337
915 915 963 462 0.001828 0.020533
916 916 1337 462 0.001053 0.013843
917 917 1353 462 0.002888 0.031752
918 918 1337 462 0.001053 0.01383
919 919 813 464 0.003319 0.021472
920 920 1152 464 0.001205 0.007684
921 921 1197 463 0.002212 0.014558
922 922 1354 463 0.000435 0.002923
923 923 1840 464 0.000593 0.00397
924 924 1152 464 0.001146 0.007664
925 925 1463 465 0.000178 0.001185
926 926 1464 466 9.9e-05 0.000454
927 927 666 468 0.005669 0.026094
928 928 1405 468 0.001719 0.01199
929 929 1465 471 1.3e-05 9.9e-05
930 930 572 472 0.000138 0.000336
931 931 898 473 0.001888 0.013914
932 932 1466 474 2e-05 9.9e-05
933 933 490 475 0.002481 0.012134
934 934 793 475 0.003398 0.021373
935 935 1339 475 0.00081 0.005551
936 936 555 1832 0.000336 0.000672
937 937 1540 476 0.005294 0.036464
938 938 1483 477 0.006558 0.029807
939 939 1492 478 0.001975 0.013412
940 940 473 479 0.005017 0.033403
941 941 494 479 0.003595 0.019635
942 942 798 479 0.001422 0.008217
943 943 938 479 0.002212 0.014044
944 944 1044 479 0.001408 0.008494
945 945 1055 479 0.002647 0.01762
946 946 938 479 0.002212 0.013985
947 947 1444 479 0.000336 0.002232
948 948 1200 480 4.8e-05 8.8e-05
949 949 1200 481 4.8e-05 8.8e-05
950 950 1199 482 4.8e-05 8.8e-05
951 951 1199 483 4.8e-05 8.8e-05
952 952 489 487 2e-05 0.000198
953 953 489 486 2e-05 0.000198
954 954 489 488 2e-05 0.000198
955 955 489 485 2e-05 0.000198
956 956 910 489 0.000316 0.001067
957 957 1292 489 0.000395 0.002706
958 958 910 489 0.000217 0.001817
959 959 1012 489 0.002193 0.014736
960 960 1468 489 0.001225 0.007822
961 961 1467 489 0.001225 0.007822
962 962 615 490 0.002779 0.013788
963 963 1468 492 0.000553 0.001106
964 964 1467 491 0.000553 0.001106
965 965 586 493 0.005057 0.033561
966 966 1261 495 0.004913 0.032622
967 967 500 496 0.00033 0.001503
968 968 500 497 0.000296 0.001349
969 969 874 499 7e-06 0.000132
970 970 874 498 7e-06 0.000125
971 971 503 500 2e-06 0.001185
972 972 926 500 0.00322 0.014835
973 973 1402 500 0.00083 0.00796
974 974 502 500 2e-06 0.001185
975 975 501 500 2e-06 0.001185
976 976 713 504 0.002015 0.013551
977 977 966 504 0.001094 0.011536
978 978 1090 504 2e-05 9.9e-05
979 979 1099 504 0.001205 0.008
980 980 1207 504 0.00403 0.027496
981 981 966 504 0.001096 0.011575
982 982 1090 504 2e-05 0.000119
983 983 669 506 0.001383 0.007881
984 984 805 507 0.000256 0.004377
985 985 805 510 0.000263 0.004377
986 986 805 508 0.000263 0.004384
987 987 805 509 0.000263 0.004391
988 988 1420 511 0.000134 0.000245
989 989 756 512 0.000178 0.000711
990 990 1104 512 0.000316 0.001264
991 991 854 514 0.010943 0.072652
992 992 865 514 0.014775 0.052267
993 993 904 513 0.020543 0.073482
994 994 1144 514 0.015921 0.072375
995 995 1478 513 0.008435 0.056138
996 996 710 515 0.009912 0.044701
997 997 1287 515 0.007605 0.036603
998 998 1441 515 0.005114 0.03518
999 999 1407 516 0.00557 0.03362
1000 1000 854 517 0.002975 0.019475
1001 1001 958 517 0.002627 0.017975
1002 1002 855 517 0.002993 0.019532
1003 1003 1240 519 0.002923 0.020543
1004 1004 995 521 0.000142 0.000822
1005 1005 995 520 0.000217 0.000849
1006 1006 522 1325 0.000138 0.000296
1007 1007 1092 523 0.005965 0.039901
1008 1008 1436 523 0.000889 0.006104
1009 1009 925 524 0.004681 0.021847
1010 1010 1262 525 0.002953 0.019787
1011 1011 1262 525 0.002963 0.019733
1012 1012 626 526 0.000494 0.002212
1013 1013 626 526 0.000474 0.002193
1014 1014 559 528 0.002086 0.025528
1015 1015 764 528 0.001432 0.015665
1016 1016 1301 529 0.002726 0.018212
1017 1017 1301 529 0.002765 0.018212
1018 1018 1492 530 0.000375 0.002548
1019 1019 1505 530 0.001969 0.011678
1020 1020 1469 532 2e-05 0.000198
1021 1021 1470 531 2e-05 0.000198
1022 1022 1465 533 0.003832 0.019733
1023 1023 1054 534 5.9e-05 0.000138
1024 1024 1471 536 2e-05 0.000198
1025 1025 1472 535 2e-05 0.000198
1026 1026 758 537 0.000217 0.00081
1027 1027 542 538 2e-06 0.001185
1028 1028 542 539 2e-06 0.001185
1029 1029 542 540 2e-06 0.001185
1030 1030 542 541 2e-06 0.001185
1031 1031 1167 542 0.00381 0.02541
1032 1032 818 544 0.00476 0.032099
1033 1033 1011 544 0.002825 0.019082
1034 1034 1138 544 0.000593 0.00403
1035 1035 1455 544 0.0016 0.010884
1036 1036 1239 545 0.018712 0.063684
1037 1037 1377 545 0.01297 0.04896
1038 1038 1215 546 0.001363 0.009106
1039 1039 1474 546 0.011437 0.078084
1040 1040 653 547 0.000869 0.004407
1041 1041 672 548 0.000217 0.000474
1042 1042 1464 549 0.002765 0.012998
1043 1043 554 550 0.001205 0.015845
1044 1044 1260 550 0.000623 0.008172
1045 1045 554 550 0.001205 0.015852
1046 1046 1260 550 0.000623 0.008172
1047 1047 731 552 0.001622 0.010949
1048 1048 840 551 0.004361 0.019407
1049 1049 1240 551 0.00644 0.043615
1050 1050 840 552 0.002884 0.019127
1051 1051 1126 553 0.003553 0.040406
1052 1052 1263 553 0.001413 0.020512
1053 1053 1352 553 0.002029 0.020568
1054 1054 665 553 0.001233 0.012465
1055 1055 1263 553 0.00141 0.019927
1056 1056 1216 554 0.000983 0.012909
1057 1057 957 555 0.011299 0.051259
1058 1058 1348 555 0.002232 0.012286
1059 1059 1348 555 0.003714 0.017975
1060 1060 667 558 0.003812 0.018568
1061 1061 1175 557 0.003911 0.01679
1062 1062 1407 558 0.005057 0.031131
1063 1063 1456 557 0.002785 0.018153
1064 1064 1365 559 0.002569 0.036468
1065 1065 1365 559 0.002569 0.036468
1066 1066 1365 559 0.005422 0.039197
1067 1067 566 565 2e-06 0.001185
1068 1068 566 563 2e-06 0.001185
1069 1069 566 562 2e-06 0.001185
1070 1070 566 560 2e-06 0.001185
1071 1071 566 561 2e-06 0.001185
1072 1072 566 564 2e-06 0.001185
1073 1073 1082 566 0.00164 0.011299
1074 1074 1251 566 0.002647 0.018035
1075 1075 1474 568 2e-05 0.000138
1076 1076 1475 568 0.000395 0.002647
1077 1077 718 569 0.003259 0.021669
1078 1078 718 569 0.00324 0.021768
1079 1079 755 570 0.002351 0.011022
1080 1080 929 570 0.002252 0.015842
1081 1081 820 570 0.00132 0.013076
1082 1082 1185 570 0.005531 0.027042
1083 1083 1294 572 0.000138 0.000316
1084 1084 1125 574 0.009264 0.038696
1085 1085 1239 574 0.022084 0.061906
1086 1086 1355 574 0.017185 0.07921
1087 1087 1476 575 0.000296 0.001936
1088 1088 1493 578 0.00237 0.005748
1089 1089 1013 579 0.000336 0.002252
1090 1090 1239 580 0.011556 0.052998
1091 1091 1351 580 0.011299 0.057086
1092 1092 1012 581 0.002173 0.014519
1093 1093 701 582 0.026449 0.06568
1094 1094 753 582 0.012133 0.030178
1095 1095 644 584 0.000942 0.004946
1096 1096 769 584 0.008533 0.038716
1097 1097 772 584 0.002977 0.014748
1098 1098 1059 584 0.002483 0.016496
1099 1099 1162 584 0.004188 0.019082
1100 1100 1192 584 0.001742 0.01171
1101 1101 1251 584 0.001414 0.009527
1102 1102 976 585 0.008672 0.04002
1103 1103 1491 585 0.001237 0.005636
1104 1104 903 586 0.003062 0.020365
1105 1105 1219 586 0.000786 0.00524
1106 1106 1478 586 0.003615 0.024336
1107 1107 1220 586 0.001274 0.008486
1108 1108 679 587 0.001634 0.016835
1109 1109 979 587 0.000935 0.013565
1110 1110 1337 587 0.001434 0.01885
1111 1111 678 587 0.001634 0.016842
1112 1112 978 587 0.000934 0.013565
1113 1113 1337 587 0.001434 0.01885
1114 1114 1417 592 0.000111 0.001604
1115 1115 1416 593 0.000111 0.0016
1116 1116 1417 591 0.000111 0.0016
1117 1117 1416 589 0.000111 0.0016
1118 1118 1417 590 0.000111 0.001606
1119 1119 1416 588 0.000111 0.001616
1120 1120 820 594 0.000988 0.006953
1121 1121 610 598 0.005195 0.034528
1122 1122 1451 599 0.0013 0.005888
1123 1123 1450 600 0.001306 0.005912
1124 1124 1258 601 0.002094 0.013294
1125 1125 609 602 0.006499 0.043259
1126 1126 754 602 0.003737 0.037823
1127 1127 1458 602 0.001254 0.008365
1128 1128 1242 603 0.00247 0.027208
1129 1129 1365 603 0.001766 0.019792
1130 1130 664 605 0.000401 0.001817
1131 1131 1549 604 0.0032 0.014637
1132 1132 604 430 2e-05 0.000198
1133 1133 732 606 0.003401 0.022763
1134 1134 1403 606 0.004122 0.027542
1135 1135 1230 607 0.001817 0.008198
1136 1136 1515 607 0.001857 0.012504
1137 1137 744 609 0.002844 0.018884
1138 1138 570 611 4e-05 0.000375
1139 1139 570 612 5.9e-05 0.000395
1140 1140 570 613 5.9e-05 0.000454
1141 1141 791 615 0.000494 0.003319
1142 1142 1339 615 0.00318 0.016237
1143 1143 1545 615 0.003565 0.013003
1144 1144 648 615 0.001363 0.006104
1145 1145 791 615 0.000514 0.003496
1146 1146 791 615 0.000988 0.004879
1147 1147 1415 618 0.000356 0.003319
1148 1148 1414 617 0.00036 0.003356
1149 1149 1108 619 0.002844 0.018904
1150 1150 1236 619 0.001086 0.007289
1151 1151 1344 619 0.00308 0.020628
1152 1152 1236 619 0.001067 0.007289
1153 1153 1344 619 0.003022 0.020109
1154 1154 1344 619 0.003022 0.020168
1155 1155 1505 622 0.001705 0.010438
1156 1156 1344 624 0.001106 0.007546
1157 1157 607 625 0.000158 0.001343
1158 1158 647 626 0.002264 0.015056
1159 1159 1042 626 0.002173 0.014617
1160 1160 1119 626 0.000375 0.002509
1161 1161 1415 626 0.001746 0.011648
1162 1162 1422 626 0.000909 0.00478
1163 1163 1462 626 0.001936 0.011239
1164 1164 1414 626 0.001738 0.011635
1165 1165 1423 626 0.000751 0.004148
1166 1166 1414 626 0.001679 0.01122
1167 1167 756 629 0.000381 0.000697
1168 1168 672 632 0.000158 0.000593
1169 1169 807 632 0.000336 0.001304
1170 1170 848 632 4e-05 0.000237
1171 1171 1135 632 0.000296 0.002667
1172 1172 671 632 0.000362 0.000664
1173 1173 1136 632 0.000435 0.001659
1174 1174 638 633 2e-05 0.000198
1175 1175 1033 633 0.000237 0.002272
1176 1176 1033 633 0.000257 0.002449
1177 1177 637 633 2e-05 0.000198
1178 1178 639 635 1e-05 0.0001
1179 1179 1110 635 0.001143 0.011399
1180 1180 1110 635 0.001087 0.012375
1181 1181 884 640 0.000879 0.0037
1182 1182 1480 640 0.000533 0.003556
1183 1183 883 640 0.000869 0.003437
1184 1184 1482 641 0.000316 0.002153
1185 1185 1481 642 0.000316 0.002153
1186 1186 737 643 4e-05 0.000237
1187 1187 709 645 0.000852 0.008636
1188 1188 1395 645 0.001288 0.013033
1189 1189 1483 646 2e-05 0.000198
1190 1190 738 647 0.001541 0.010291
1191 1191 1129 647 0.000178 0.001225
1192 1192 1415 647 0.002489 0.016612
1193 1193 1549 647 0.002805 0.01282
1194 1194 738 647 0.001541 0.010252
1195 1195 1529 647 0.000158 0.001106
1196 1196 1339 648 0.00243 0.01357
1197 1197 1506 650 0.001402 0.005452
1198 1198 733 651 0.00214 0.024723
1199 1199 890 651 0.00338 0.034294
1200 1200 911 651 0.000229 0.002465
1201 1201 1375 651 0.000561 0.006198
1202 1202 891 651 0.00338 0.034294
1203 1203 783 652 0.008535 0.038929
1204 1204 816 652 0.001106 0.005136
1205 1205 1014 654 0.003081 0.020109
1206 1206 1495 654 0.000533 0.003536
1207 1207 1344 656 0.001067 0.004306
1208 1208 1344 655 0.001067 0.004306
1209 1209 1517 657 0.006444 0.012667
1210 1210 744 658 0.001936 0.01284
1211 1211 1458 658 0.001363 0.015427
1212 1212 1484 659 0.000233 0.00156
1213 1213 631 660 0.000691 0.003852
1214 1214 640 660 0.000454 0.003121
1215 1215 1419 660 0.001896 0.011022
1216 1216 630 660 0.000514 0.002331
1217 1217 640 660 0.000474 0.003101
1218 1218 1418 660 0.002272 0.011062
1219 1219 917 663 5.9e-05 0.000988
1220 1220 1316 663 5.9e-05 0.001126
1221 1221 1315 662 5.9e-05 0.001047
1222 1222 1352 665 0.00081 0.008193
1223 1223 728 666 0.002528 0.016731
1224 1224 799 666 4.8e-05 8.8e-05
1225 1225 976 666 0.008988 0.060563
1226 1226 746 668 0.002193 0.014716
1227 1227 926 668 0.001323 0.00883
1228 1228 1096 669 0.001481 0.007072
1229 1229 1185 669 0.001956 0.013136
1230 1230 718 670 0.011 0.056595
1231 1231 1476 673 0.000691 0.004563
1232 1232 1206 674 0.002449 0.016336
1233 1233 1485 674 0.006461 0.021728
1234 1234 1206 674 0.002568 0.017146
1235 1235 1271 675 0.000457 0.005035
1236 1236 811 676 0.003 0.013517
1237 1237 1486 676 0.003812 0.013017
1238 1238 748 680 0.021422 0.075067
1239 1239 815 680 0.0252 0.085911
1240 1240 687 683 2e-06 0.001185
1241 1241 687 684 2e-06 0.001185
1242 1242 687 681 2e-06 0.001185
1243 1243 687 682 2e-06 0.001185
1244 1244 687 686 2e-06 0.001244
1245 1245 687 685 2e-06 0.001185
1246 1246 926 687 0.002449 0.011141
1247 1247 1179 687 0.000672 0.003141
1248 1248 1489 689 0.000296 0.000751
1249 1249 1314 690 5.9e-05 0.000198
1250 1250 1314 691 4e-05 0.000198
1251 1251 892 693 8e-05 0.000147
1252 1252 892 692 8.7e-05 0.00016
1253 1253 1491 694 0.00019 0.00062
1254 1254 740 695 0.003062 0.020365
1255 1255 785 695 0.000435 0.002607
1256 1256 785 696 0.000494 0.002923
1257 1257 849 697 0.00239 0.015842
1258 1258 869 697 0.002765 0.018548
1259 1259 1246 697 0.005539 0.038098
1260 1260 1366 697 0.005116 0.034252
1261 1261 1484 697 0.004306 0.019919
1262 1262 1252 698 0.007802 0.036069
1263 1263 1498 698 0.000257 0.00164
1264 1264 1535 698 0.005077 0.023921
1265 1265 837 700 0.000514 0.0048
1266 1266 1490 699 2e-05 0.000198
1267 1267 1507 701 0.010533 0.0368
1268 1268 975 702 0.011206 0.050285
1269 1269 1493 707 2e-05 0.000198
1270 1270 957 1833 0.001975 0.013235
1271 1271 1118 1833 0.001284 0.00879
1272 1272 1394 709 0.002119 0.02151
1273 1273 1051 710 0.011536 0.054933
1274 1274 1267 711 0.001136 0.014935
1275 1275 1267 711 0.001136 0.014935
1276 1276 1441 712 0.003996 0.027473
1277 1277 1452 712 0.007111 0.048909
1278 1278 966 713 0.000124 0.001383
1279 1279 1004 713 0.001047 0.006953
1280 1280 1066 713 9.9e-05 0.000277
1281 1281 1170 713 0.003417 0.022696
1282 1282 1065 713 9.9e-05 0.000336
1283 1283 1064 713 4e-05 9.9e-05
1284 1284 718 715 0.004484 0.021195
1285 1285 1035 715 0.00324 0.014894
1286 1286 946 716 0.017133 0.054926
1287 1287 783 717 0.002143 0.014358
1288 1288 1355 718 0.00403 0.018054
1289 1289 1355 718 0.004484 0.021156
1290 1290 1352 719 0.000557 0.007335
1291 1291 955 725 0.000158 0.000289
1292 1292 955 723 0.000116 0.000212
1293 1293 955 724 0.000123 0.000226
1294 1294 734 726 0.001327 0.008873
1295 1295 1384 726 0.002291 0.01521
1296 1296 1494 727 0.000179 0.000327
1297 1297 1127 728 0.001244 0.008296
1298 1298 1528 729 0.010667 0.034444
1299 1299 1114 730 0.009857 0.066884
1300 1300 1327 730 0.000632 0.003931
1301 1301 1329 730 0.002153 0.009758
1302 1302 1240 731 0.003279 0.022637
1303 1303 1497 732 0.001932 0.012802
1304 1304 874 733 0.00063 0.006413
1305 1305 1496 734 0.000593 0.003951
1306 1306 807 735 0.000198 0.001699
1307 1307 1449 736 0.010444 0.032756
1308 1308 1412 737 0.000296 0.001758
1309 1309 1548 737 0.000356 0.002054
1310 1310 1523 737 0.006696 0.029985
1311 1311 802 739 0.000222 0.002327
1312 1312 851 739 0.001565 0.020568
1313 1313 1537 739 0.000914 0.009875
1314 1314 792 739 0.001641 0.021544
1315 1315 802 739 0.000229 0.002313
1316 1316 851 739 0.001558 0.020568
1317 1317 792 739 0.001634 0.021503
1318 1318 785 740 0.003378 0.02242
1319 1319 801 745 0.003826 0.018665
1320 1320 822 745 0.00077 0.003536
1321 1321 1246 745 0.005037 0.034785
1322 1322 801 745 0.003615 0.01762
1323 1323 823 745 0.000711 0.004583
1324 1324 1179 746 0.002726 0.018193
1325 1325 1288 746 0.002596 0.01165
1326 1326 1191 748 0.004507 0.013102
1327 1327 1507 748 0.012933 0.044356
1328 1328 1511 748 0.002711 0.008889
1329 1329 1542 749 0.000198 0.000909
1330 1330 1256 750 0.002252 0.010509
1331 1331 1362 750 0.008 0.03998
1332 1332 987 751 0.000109 0.000494
1333 1333 1338 752 0.005827 0.02703
1334 1334 973 753 0.006409 0.016431
1335 1335 1486 754 0.001956 0.020958
1336 1336 1499 757 5.9e-05 0.000435
1337 1337 894 758 0.000336 0.001225
1338 1338 1105 758 0.000138 0.00079
1339 1339 1372 758 0.000138 0.000889
1340 1340 964 759 0.001041 0.006967
1341 1341 943 760 0.009067 0.029116
1342 1342 1127 761 0.000701 0.004599
1343 1343 1127 761 0.000705 0.00463
1344 1344 1121 762 0.001956 0.008691
1345 1345 933 763 0.012496 0.043621
1346 1346 989 763 0.018805 0.069215
1347 1347 992 763 0.012306 0.062598
1348 1348 933 763 0.00717 0.042726
1349 1349 1180 764 0.001627 0.017031
1350 1350 1324 765 0.000257 0.000612
1351 1351 1323 765 0.000237 0.000553
1352 1352 1838 765 0.000237 0.000553
1353 1353 1416 766 0.000395 0.005229
1354 1354 1202 767 0.005017 0.033521
1355 1355 1238 768 0.001679 0.007526
1356 1356 880 769 2e-06 0.001185
1357 1357 1162 769 0.004326 0.019694
1358 1358 1403 769 0.003338 0.015091
1359 1359 877 769 2e-06 0.001185
1360 1360 1403 769 0.003338 0.015091
1361 1361 878 769 2e-06 0.001185
1362 1362 827 770 0.000138 0.000593
1363 1363 976 771 0.007723 0.032119
1364 1364 1125 771 0.009541 0.039585
1365 1365 831 772 0.001519 0.010582
1366 1366 1059 772 0.002216 0.014805
1367 1367 830 772 0.001529 0.010637
1368 1368 1059 772 0.002206 0.014728
1369 1369 1163 774 0.000457 0.006025
1370 1370 1367 774 0.001856 0.025166
1371 1371 853 775 0.014914 0.055309
1372 1372 1342 775 0.009383 0.042607
1373 1373 1260 776 0.002597 0.020332
1374 1374 1260 776 0.001932 0.021399
1375 1375 1500 777 0.000198 0.000909
1376 1376 1501 778 0.001106 0.007328
1377 1377 1487 779 0.071454 0.242605
1378 1378 1513 779 0.022525 0.13933
1379 1379 946 779 0.068531 0.219955
1380 1380 975 783 0.015488 0.067417
1381 1381 1193 785 0.005985 0.041383
1382 1382 1544 785 0.000243 0.001614
1383 1383 958 788 0.003737 0.024798
1384 1384 1434 788 0.000869 0.005886
1385 1385 1384 790 0.000514 0.004247
1386 1386 1502 789 5.9e-05 0.000474
1387 1387 953 791 0.004286 0.020405
1388 1388 1032 791 0.007625 0.035378
1389 1389 1032 793 0.001146 0.005551
1390 1390 1359 794 0.008296 0.038795
1391 1391 1006 795 0.00528 0.029102
1392 1392 1225 796 9.9e-05 0.001007
1393 1393 1225 797 0.000119 0.001067
1394 1394 1044 798 0.000395 0.001126
1395 1395 1435 800 0.000849 0.003812
1396 1396 1075 802 7.6e-05 0.000554
1397 1397 1076 802 7.6e-05 0.000554
1398 1398 1077 802 7.6e-05 0.000554
1399 1399 1078 802 7.6e-05 0.000568
1400 1400 1503 803 1.5e-05 9.9e-05
1401 1401 1504 804 0.000277 0.001244
1402 1402 1267 805 0.000499 0.006557
1403 1403 1295 805 0.000298 0.003019
1404 1404 1267 805 0.000505 0.006637
1405 1405 1295 805 0.000298 0.003012
1406 1406 1267 805 0.000499 0.006557
1407 1407 1267 805 0.000499 0.006557
1408 1408 873 806 0.000158 0.001284
1409 1409 995 806 0.000178 0.001521
1410 1410 1505 808 1.5e-05 9.9e-05
1411 1411 1506 809 0.000158 0.000652
1412 1412 1183 810 0.002983 0.020385
1413 1413 1190 810 0.005136 0.034548
1414 1414 819 812 0.001323 0.008824
1415 1415 972 813 0.000731 0.00484
1416 1416 1354 813 0.002884 0.018686
1417 1417 1510 813 0.001817 0.012168
1418 1418 909 813 0.002785 0.018884
1419 1419 972 813 0.00077 0.005136
1420 1420 1525 813 0.003121 0.020859
1421 1421 972 813 0.000731 0.00482
1422 1422 968 814 9.7e-05 0.00097
1423 1423 1290 814 0.001468 0.014903
1424 1424 1426 814 0.00036 0.003636
1425 1425 970 814 9.7e-05 0.00097
1426 1426 1291 814 0.001461 0.014785
1427 1427 1386 814 0.001247 0.012673
1428 1428 969 814 9.7e-05 0.000983
1429 1429 971 814 9.7e-05 0.001025
1430 1430 1005 815 0.006889 0.018756
1431 1431 1321 817 0.001644 0.005778
1432 1432 825 820 0.011753 0.05438
1433 1433 844 820 0.00083 0.008375
1434 1434 1011 820 0.00241 0.016435
1435 1435 1241 818 0.007585 0.028128
1436 1436 1349 819 0.000652 0.005946
1437 1437 1479 818 0.000632 0.004346
1438 1438 843 818 0.000869 0.008514
1439 1439 1349 818 0.000632 0.00559
1440 1440 841 824 0.007862 0.038716
1441 1441 1012 824 0.001719 0.00881
1442 1442 1125 827 0.014262 0.067397
1443 1443 1218 827 0.021077 0.088869
1444 1444 1233 827 0.00016 0.000755
1445 1445 1125 827 0.013452 0.063625
1446 1446 1041 829 0.00065 0.008537
1447 1447 1507 832 0.000347 0.000813
1448 1448 837 834 4e-05 0.000198
1449 1449 836 833 2e-05 0.000198
1450 1450 1165 836 0.000138 0.019753
1451 1451 1188 836 0.000494 0.003002
1452 1452 1411 835 0.002726 0.013728
1453 1453 1512 837 0.000356 0.003358
1454 1454 1165 835 9.9e-05 0.000198
1455 1455 1188 836 0.000514 0.003101
1456 1456 1490 836 0.000909 0.006005
1457 1457 1395 839 0.000166 0.002749
1458 1458 1448 838 0.001004 0.010997
1459 1459 1394 838 0.000159 0.002701
1460 1460 1112 842 0.000395 0.002686
1461 1461 929 844 0.000316 0.002351
1462 1462 954 844 0.000512 0.001327
1463 1463 1021 845 0.001146 0.008296
1464 1464 1266 846 0.000711 0.00324
1465 1465 1027 847 0.001857 0.008435
1466 1466 1279 847 0.002647 0.013254
1467 1467 1385 848 0.001146 0.010923
1468 1468 1385 848 0.001185 0.010844
1469 1469 1367 851 0.000852 0.011233
1470 1470 1368 851 0.000852 0.011226
1471 1471 1150 857 0.001101 0.012181
1472 1472 1240 858 0.003356 0.026424
1473 1473 1348 859 0.000573 0.003832
1474 1474 1432 859 0.003615 0.025225
1475 1475 864 862 2.1e-05 0.000127
1476 1476 1126 862 0.000111 0.001932
1477 1477 863 862 2.1e-05 0.000127
1478 1478 1508 866 2e-05 0.000198
1479 1479 1509 867 2e-05 0.000198
1480 1480 872 868 0.003461 0.013896
1481 1481 959 870 0.001462 0.006677
1482 1482 1262 870 0.001231 0.008198
1483 1483 1518 870 0.000865 0.005772
1484 1484 1262 870 0.002588 0.015862
1485 1485 976 871 0.011804 0.05293
1486 1486 1163 874 0.001101 0.012445
1487 1487 1181 874 0.0009 0.007479
1488 1488 1375 874 0.002209 0.024924
1489 1489 1180 874 0.0009 0.00741
1490 1490 1510 875 0.000395 0.002607
1491 1491 1374 876 0.01022 0.054673
1492 1492 1465 876 0.003488 0.015777
1493 1493 897 881 0.029978 0.100778
1494 1494 849 885 0.001025 0.008148
1495 1495 887 886 4.3e-05 9e-05
1496 1496 1156 887 0.00079 0.003931
1497 1497 1393 887 0.001442 0.006696
1498 1498 966 888 3.6e-05 9.3e-05
1499 1499 967 889 2.8e-05 0.000277
1500 1500 1361 891 0.001734 0.018573
1501 1501 1365 891 0.002181 0.031662
1502 1502 1448 890 0.001711 0.017313
1503 1503 1365 890 0.002181 0.031648
1504 1504 995 892 0.000198 0.000652
1505 1505 1124 892 0.000316 0.001442
1506 1506 995 892 0.000237 0.001422
1507 1507 1123 892 0.000257 0.001007
1508 1508 1387 896 0.003319 0.022716
1509 1509 921 897 0.024307 0.078747
1510 1510 1356 898 3.4e-05 9.4e-05
1511 1511 1376 898 0.003297 0.021902
1512 1512 1056 899 0.001496 0.014148
1513 1513 1302 899 0.000942 0.009536
1514 1514 1056 899 0.001496 0.014148
1515 1515 1302 899 0.000942 0.009536
1516 1516 1232 900 0.000277 0.000632
1517 1517 1232 901 0.000395 0.000731
1518 1518 1206 902 0.000178 0.000928
1519 1519 1413 904 0.012247 0.044385
1520 1520 1272 903 9.9e-05 0.000988
1521 1521 923 905 0.006918 0.046044
1522 1522 1104 906 0.000158 0.000289
1523 1523 1105 907 0.000145 0.000265
1524 1524 1511 908 0.000222 0.000711
1525 1525 1510 909 0.000968 0.00644
1526 1526 962 913 0.000229 0.000419
1527 1527 962 914 0.000229 0.000419
1528 1528 962 912 0.000284 0.00052
1529 1529 1306 917 4e-05 0.001086
1530 1530 1311 917 5.9e-05 0.001047
1531 1531 1184 918 0.009007 0.043872
1532 1532 1238 918 0.002738 0.018562
1533 1533 1503 918 0.002078 0.008442
1534 1534 998 920 2.8e-05 0.000172
1535 1535 1264 921 0.020569 0.065387
1536 1536 1130 922 0.000126 0.000261
1537 1537 1203 923 0.00083 0.003931
1538 1538 1360 923 0.002825 0.018943
1539 1539 1362 923 0.003338 0.019161
1540 1540 1204 923 0.00083 0.003832
1541 1541 1360 923 0.002588 0.017264
1542 1542 1232 924 0.000356 0.000988
1543 1543 1392 925 0.002568 0.011358
1544 1544 1512 925 0.000454 0.00399
1545 1545 1392 925 0.000909 0.007901
1546 1546 928 926 2e-06 0.001185
1547 1547 927 926 2e-06 0.001185
1548 1548 1222 930 0.000425 0.001934
1549 1549 1125 931 0.005798 0.039696
1550 1550 1541 931 0.004938 0.033165
1551 1551 1834 933 0.001058 0.001937
1552 1552 1170 938 0.001027 0.012543
1553 1553 1238 938 0.006935 0.036516
1554 1554 1170 938 0.001798 0.012089
1555 1555 985 938 4.8e-05 8.8e-05
1556 1556 984 938 4.8e-05 8.8e-05
1557 1557 1040 939 0.005906 0.026627
1558 1558 1040 940 0.005906 0.026627
1559 1559 981 943 0.004573 0.020316
1560 1560 1280 944 0.002825 0.019239
1561 1561 1513 946 0.030738 0.075586
1562 1562 1239 947 0.007723 0.044444
1563 1563 1225 948 0.001659 0.011575
1564 1564 1225 948 0.001659 0.011575
1565 1565 951 950 2.1e-05 0.000339
1566 1566 952 950 2.1e-05 0.000325
1567 1567 1176 953 0.004741 0.022124
1568 1568 1275 955 0.000198 0.000751
1569 1569 1118 957 0.002133 0.009659
1570 1570 1149 958 0.002438 0.016458
1571 1571 1149 958 0.00243 0.016454
1572 1572 1154 959 0.000356 0.001422
1573 1573 1391 961 0.000616 0.006627
1574 1574 1105 962 0.000776 0.004612
1575 1575 1431 962 0.000119 0.000691
1576 1576 1430 962 0.000119 0.000711
1577 1577 1471 962 0.001126 0.005965
1578 1578 1373 965 0.032364 0.095227
1579 1579 1055 966 0.001993 0.020458
1580 1580 1055 966 0.001993 0.020472
1581 1581 991 972 0.002686 0.018173
1582 1582 1202 972 0.005748 0.03836
1583 1583 1239 974 0.000277 0.002588
1584 1584 1145 976 0.002647 0.011911
1585 1585 1173 980 0.001659 0.011081
1586 1586 1173 980 0.002509 0.011319
1587 1587 1157 982 0.000928 0.006183
1588 1588 1536 982 0.000217 0.001481
1589 1589 1546 983 7e-06 0.00013
1590 1590 1171 987 0.000111 0.000741
1591 1591 1358 987 0.001857 0.008375
1592 1592 1172 987 9.9e-05 0.000711
1593 1593 1209 988 0.000198 0.000909
1594 1594 1103 992 0.013274 0.060326
1595 1595 995 993 2e-05 0.000198
1596 1596 995 994 2e-05 0.000198
1597 1597 1407 996 0.004701 0.030064
1598 1598 1155 998 0.001343 0.007862
1599 1599 1254 999 2.8e-05 0.000145
1600 1600 1516 1000 5e-06 0.0001
1601 1601 1000 431 1e-05 0.0001
1602 1602 1517 1001 9.9e-05 0.000182
1603 1603 1496 1002 0.00073 0.001335
1604 1604 976 1003 0.018038 0.057792
1605 1605 1489 1003 0.001798 0.004543
1606 1606 1195 1008 8e-06 0.0001
1607 1607 1194 1008 8e-06 0.0001
1608 1608 1221 1010 0.000909 0.003299
1609 1609 956 1013 0.002627 0.017284
1610 1610 1157 1013 0.002272 0.011239
1611 1611 1164 1013 0.002574 0.013541
1612 1612 1292 1012 0.001817 0.012207
1613 1613 1839 1012 0.000375 0.002509
1614 1614 1477 1013 0.000356 0.002311
1615 1615 1494 1014 0.003081 0.020089
1616 1616 1410 1014 0.000375 0.002528
1617 1617 1438 1013 0.001798 0.010133
1618 1618 1164 1013 0.00097 0.009481
1619 1619 1468 1012 0.001067 0.007091
1620 1620 1440 1013 0.000751 0.007423
1621 1621 1467 1012 0.001067 0.007091
1622 1622 949 1018 0.00099 0.007576
1623 1623 1158 1017 0.000298 0.003262
1624 1624 1281 1017 0.000561 0.006288
1625 1625 1282 1017 0.000554 0.006163
1626 1626 1281 1018 0.000382 0.005002
1627 1627 1282 1018 0.000381 0.005
1628 1628 1394 1018 0.000547 0.006046
1629 1629 1107 1022 0.006262 0.043595
1630 1630 1303 1022 0.001659 0.011022
1631 1631 1453 1022 0.002744 0.018746
1632 1632 1303 1022 0.001659 0.011042
1633 1633 1054 1024 0.003694 0.02481
1634 1634 1108 1024 0.002963 0.019793
1635 1635 1143 1024 0.002647 0.017659
1636 1636 1344 1024 0.00719 0.033264
1637 1637 1121 1027 0.003457 0.015704
1638 1638 1269 1027 0.00164 0.021709
1639 1639 1192 1028 2e-05 9.9e-05
1640 1640 1251 1028 0.000435 0.002878
1641 1641 1146 1029 0.003931 0.020365
1642 1642 1199 1029 0.002805 0.012484
1643 1643 1193 1030 0.007309 0.049876
1644 1644 1285 1030 0.006044 0.042114
1645 1645 1054 1033 0.000612 0.004128
1646 1646 1140 1033 0.001225 0.006854
1647 1647 1143 1033 0.001738 0.011615
1648 1648 932 1035 0.001059 0.003597
1649 1649 1095 1035 0.009699 0.044839
1650 1650 1231 1035 0.001426 0.009276
1651 1651 1265 1035 0.014143 0.064395
1652 1652 1351 1035 0.003502 0.02318
1653 1653 1351 1035 0.004543 0.024889
1654 1654 1518 1036 2e-05 9.8e-05
1655 1655 1519 1037 2e-05 0.000198
1656 1656 1520 1038 5.9e-05 0.000356
1657 1657 1522 1039 0.001126 0.005037
1658 1658 1205 1040 0.004642 0.030854
1659 1659 1427 1040 0.001578 0.010526
1660 1660 1521 1040 0.000119 0.000889
1661 1661 1262 1043 0.001351 0.008986
1662 1662 1444 1044 0.001027 0.006123
1663 1663 1523 1049 0.000194 0.000624
1664 1664 1463 1050 0.001146 0.007625
1665 1665 1047 1052 9.9e-05 0.000198
1666 1666 1046 1052 9.9e-05 0.000198
1667 1667 1273 1051 9.9e-05 0.000988
1668 1668 1045 1052 0.000111 0.000223
1669 1669 1121 1053 0.003477 0.023822
1670 1670 1100 1054 0.000324 0.000992
1671 1671 1170 1055 0.00081 0.005472
1672 1672 1170 1055 0.000751 0.005057
1673 1673 1271 1056 0.001884 0.019197
1674 1674 1271 1056 0.001891 0.019134
1675 1675 1457 1058 0.001462 0.009817
1676 1676 1341 1061 0.000237 0.001501
1677 1677 1282 1062 0.000402 0.005242
1678 1678 1281 1062 0.000402 0.005242
1679 1679 1331 1070 5.9e-05 0.001047
1680 1680 1317 1069 5.9e-05 0.001126
1681 1681 1313 1070 5.9e-05 0.001126
1682 1682 1164 1074 0.000366 0.000669
1683 1683 1164 1073 0.000352 0.000645
1684 1684 1326 1079 0.003121 0.020997
1685 1685 1501 1079 0.004602 0.0208
1686 1686 1368 1080 0.002694 0.028476
1687 1687 1403 1081 0.000751 0.003417
1688 1688 1085 1082 2e-06 0.001185
1689 1689 1083 1082 2e-06 0.001185
1690 1690 1084 1082 2e-06 0.001185
1691 1691 1525 1086 0.00083 0.005491
1692 1692 1188 1088 0.000375 0.001422
1693 1693 1188 1087 0.000395 0.001422
1694 1694 1222 1089 0.000494 0.002963
1695 1695 1329 1093 0.000435 0.0016
1696 1696 1329 1093 0.000435 0.00162
1697 1697 1265 1095 0.006499 0.029472
1698 1698 1304 1096 0.004879 0.022479
1699 1699 1527 1098 9.9e-05 0.000573
1700 1700 1526 1097 0.000138 0.000435
1701 1701 1121 1101 0.002943 0.019773
1702 1702 1207 1101 0.001679 0.011101
1703 1703 1519 1103 0.006301 0.028622
1704 1704 1393 1104 0.002746 0.014183
1705 1705 1392 1105 0.002469 0.013827
1706 1706 1472 1104 0.002094 0.010607
1707 1707 1459 1106 0.009323 0.046598
1708 1708 1453 1107 0.004425 0.029349
1709 1709 1425 1108 0.0032 0.021472
1710 1710 1290 1110 0.000824 0.008373
1711 1711 1299 1110 0.001211 0.017571
1712 1712 1291 1110 0.000824 0.008373
1713 1713 1299 1110 0.001205 0.017438
1714 1714 1237 1113 0.021244 0.060489
1715 1715 1538 1114 0.000553 0.003793
1716 1716 1173 1115 0.007546 0.034173
1717 1717 1528 1120 0.009156 0.040044
1718 1718 1142 1121 0.000928 0.004148
1719 1719 1217 1121 0.002844 0.018627
1720 1720 1485 1121 0.00257 0.017083
1721 1721 1161 1125 0.009936 0.040059
1722 1722 1454 1125 0.001679 0.011062
1723 1723 1491 1125 0.004958 0.022716
1724 1724 1534 1125 0.000178 0.00077
1725 1725 1530 1132 0.000237 0.001541
1726 1726 1385 1135 0.000948 0.009185
1727 1727 1385 1136 0.000889 0.008652
1728 1728 1366 1139 0.001738 0.011595
1729 1729 1425 1140 0.008652 0.039447
1730 1730 1532 1141 0.001067 0.004346
1731 1731 1322 1144 0.008332 0.037879
1732 1732 1304 1145 0.008774 0.031285
1733 1733 1533 1146 0.002311 0.015467
1734 1734 1534 1147 0.001264 0.005136
1735 1735 1534 1147 0.001264 0.005136
1736 1736 1173 1148 0.005886 0.031546
1737 1737 1363 1148 0.011239 0.050647
1738 1738 1434 1149 0.001817 0.012089
1739 1739 1535 1151 5.9e-05 0.000403
1740 1740 1357 1152 0.000316 0.001936
1741 1741 1170 1153 0.000221 0.001357
1742 1742 1262 1154 0.003818 0.024421
1743 1743 1548 1155 0.00162 0.009284
1744 1744 1393 1156 0.001956 0.009146
1745 1745 1477 1157 0.001837 0.008988
1746 1746 1536 1157 0.000672 0.004543
1747 1747 1395 1158 0.000242 0.002735
1748 1748 1536 1160 0.000237 0.000494
1749 1749 1232 1164 0.000316 0.001132
1750 1750 1232 1164 0.000316 0.001132
1751 1751 1438 1164 0.000563 0.003372
1752 1752 1440 1164 0.000211 0.002058
1753 1753 1296 1173 0.002746 0.018746
1754 1754 1543 1173 0.003002 0.015052
1755 1755 1365 1174 0.002043 0.022929
1756 1756 1383 1174 0.000776 0.008497
1757 1757 1537 1177 1e-05 0.0001
1758 1758 1483 1179 0.003121 0.014183
1759 1759 1437 1184 0.003099 0.020113
1760 1760 1532 1184 0.002528 0.016672
1761 1761 1406 1185 0.001679 0.011397
1762 1762 1228 1188 0.00077 0.001659
1763 1763 1544 1193 0.005628 0.038669
1764 1764 1334 1836 0.000652 0.001244
1765 1765 1357 1197 0.00083 0.002588
1766 1766 1388 1196 0.000395 0.002291
1767 1767 1509 1196 0.001659 0.011062
1768 1768 1238 1198 0.009956 0.035773
1769 1769 1503 1198 0.002102 0.008286
1770 1770 1532 1198 0.001185 0.008
1771 1771 1252 1199 0.00371 0.01789
1772 1772 1366 1199 0.001428 0.019629
1773 1773 1533 1199 0.001244 0.016316
1774 1774 1535 1199 0.006728 0.030596
1775 1775 1368 1200 0.000471 0.006184
1776 1776 1208 1206 0.006084 0.023072
1777 1777 1518 1208 0.004454 0.01571
1778 1778 1538 1210 0.000375 0.001679
1779 1779 1528 1211 0.019867 0.059067
1780 1780 1353 1214 2.8e-05 0.000409
1781 1781 1353 1213 2.8e-05 0.000422
1782 1782 1397 1215 0.010667 0.052109
1783 1783 1238 1217 0.003931 0.026686
1784 1784 1442 1222 0.000415 0.002785
1785 1785 1484 1223 0.001225 0.005981
1786 1786 1473 1223 0.000474 0.003149
1787 1787 1461 1224 0.000644 0.002929
1788 1788 1366 1225 0.000849 0.005728
1789 1789 1366 1225 0.000849 0.005728
1790 1790 1366 1225 0.000435 0.002963
1791 1791 1539 1226 5.9e-05 0.000336
1792 1792 1540 1229 0.003927 0.026153
1793 1793 1351 1231 0.002035 0.014025
1794 1794 1325 1232 0.000237 0.00083
1795 1795 1358 1235 0.000454 0.002114
1796 1796 1358 1234 0.000454 0.002114
1797 1797 1522 1238 0.002627 0.017778
1798 1798 1541 1239 0.001462 0.010114
1799 1799 1365 1243 0.002749 0.039259
1800 1800 1251 1247 2e-06 0.001185
1801 1801 1251 1250 2e-06 0.001185
1802 1802 1251 1249 2e-06 0.001185
1803 1803 1251 1248 2e-06 0.001185
1804 1804 1439 1253 0.006533 0.022267
1805 1805 1449 1253 0.017067 0.058356
1806 1806 1541 1255 1.4e-05 9.9e-05
1807 1807 1530 1256 0.002807 0.014445
1808 1808 1184 1258 0.006933 0.033403
1809 1809 1474 1259 0.001383 0.009343
1810 1810 1475 1259 0.001027 0.006815
1811 1811 1542 1261 5.9e-05 0.000296
1812 1812 1271 1263 0.00141 0.020003
1813 1813 1271 1263 0.00141 0.02
1814 1814 1506 1265 0.006696 0.028583
1815 1815 1278 1267 0.000194 0.00255
1816 1816 1277 1267 0.000194 0.00255
1817 1817 1377 1270 0.005709 0.036049
1818 1818 1377 1270 0.005748 0.036247
1819 1819 1320 1271 0.000893 0.008663
1820 1820 1546 1271 0.001707 0.022772
1821 1821 1320 1271 0.000893 0.008663
1822 1822 1320 1271 0.00117 0.010658
1823 1823 1320 1271 0.000409 0.006946
1824 1824 1320 1271 0.000409 0.006946
1825 1825 1299 1278 0.001015 0.014744
1826 1826 1299 1277 0.001018 0.014778
1827 1827 1515 1285 0.008119 0.054084
1828 1828 1339 1286 0.001067 0.004899
1829 1829 1520 1286 0.000119 0.00077
1830 1830 1543 1297 0.001244 0.006301
1831 1831 1463 1298 0.000612 0.004069
1832 1832 1376 1301 0.004464 0.030933
1833 1833 1331 1308 4e-05 0.000968
1834 1834 1545 1309 2e-05 0.000198
1835 1835 1545 1310 2e-05 0.000198
1836 1836 1331 1318 5.9e-05 0.001047
1837 1837 1341 1326 0.010815 0.050299
1838 1838 1504 1329 0.002509 0.015921
1839 1839 1392 1333 0.000316 0.001971
1840 1840 1393 1332 0.000245 0.00302
1841 1841 1520 1339 0.000356 0.00241
1842 1842 1547 1340 0.000375 0.004741
1843 1843 1425 1344 0.002825 0.012998
1844 1844 1435 1348 0.001481 0.006696
1845 1845 1390 1353 0.000561 0.005658
1846 1846 1391 1353 0.000561 0.005665
1847 1847 1420 1358 0.001501 0.010023
1848 1848 1457 1360 0.002029 0.013533
1849 1849 1537 1361 0.000693 0.007389
1850 1850 1459 1364 0.010864 0.050469
1851 1851 1442 1366 0.001719 0.011457
1852 1852 1514 1366 0.00079 0.00798
1853 1853 1473 1366 0.001434 0.009559
1854 1854 1380 1374 0.004186 0.02786
1855 1855 1476 1374 0.002173 0.014242
1856 1856 1498 1374 0.004109 0.027417
1857 1857 1540 1374 0.001106 0.007407
1858 1858 1516 1382 0.000247 0.003489
1859 1859 1388 1384 0.00083 0.007052
1860 1860 1446 1385 0.000731 0.003121
1861 1861 1496 1384 0.001025 0.006888
1862 1862 1508 1384 0.000553 0.003595
1863 1863 1509 1384 0.000533 0.003575
1864 1864 1527 1384 0.000849 0.00796
1865 1865 1445 1385 0.000731 0.003121
1866 1866 1526 1385 0.000849 0.008237
1867 1867 1502 1385 0.000375 0.003733
1868 1868 1475 1387 0.004109 0.027911
1869 1869 1431 1392 0.001916 0.009323
1870 1870 1512 1392 0.000514 0.004859
1871 1871 1430 1392 0.002212 0.010114
1872 1872 1471 1392 0.000948 0.004602
1873 1873 1472 1393 0.000909 0.004385
1874 1874 1402 1400 2e-06 0.001185
1875 1875 1402 1399 2e-06 0.001185
1876 1876 1403 1398 2e-06 0.001185
1877 1877 1421 1417 0.001127 0.014433
1878 1878 1549 1424 0.000217 0.000988
1879 1879 1511 1429 0.002756 0.007867
1880 1880 1493 1454 0.000356 0.00241
1881 1881 1538 1522 0.000691 0.004681
1882 1882 4 6 0.003556 0.120296
1883 1883 6 1576 0.00018 -0.006163
1884 1884 5 1599 0.00018 -0.006163
1885 1885 8 1576 0.000291 0.030817
1886 1886 8 1599 0.000291 0.030817
1887 1887 36 37 0.000332 0.025
1888 1888 39 1551 0.000145 -0.006302
1889 1889 39 1600 0.000125 -0.006787
1890 1890 40 1551 0.000194 0.031302
1891 1891 40 1600 0.000215 0.031995
1892 1892 53 54 0.000665 0.048338
1893 1893 53 54 0.000783 0.039612
1894 1894 68 70 0.000346 0.025139
1895 1895 68 70 0.000339 0.024931
1896 1896 69 70 0.000339 0.024931
1897 1897 76 77 0.000803 0.042452
1898 1898 85 86 0.000734 0.045014
1899 1899 85 86 0.000727 0.044668
1900 1900 107 108 0.000803 0.03892
1901 1901 107 108 0.000845 0.03982
1902 1902 107 1601 0.000374 -0.009003
1903 1903 108 1601 0.000471 0.048892
1904 1904 115 117 0.000893 0.043767
1905 1905 115 117 0.000693 0.048615
1906 1906 120 1552 0.000249 -0.004501
1907 1907 120 1577 0.000152 -0.00644
1908 1908 121 1552 6.9e-05 0.029294
1909 1909 121 1577 0.00018 0.03151
1910 1910 137 138 0.000319 0.024862
1911 1911 137 138 0.000319 0.024792
1912 1912 154 152 2e-05 0.004741
1913 1913 154 155 0.000319 0.024307
1914 1914 154 155 0.000319 0.024307
1915 1915 157 158 0.000886 0.043837
1916 1916 167 1578 0.000519 -0.007825
1917 1917 168 1578 0.000277 0.047507
1918 1918 205 1553 0.000249 -0.004501
1919 1919 205 1579 0.000152 -0.00644
1920 1920 206 1553 6.9e-05 0.029294
1921 1921 206 1579 0.00018 0.03151
1922 1922 1830 226 0.000312 0.024979
1923 1923 227 228 0.000332 0.024931
1924 1924 227 228 0.000332 0.024931
1925 1925 229 230 6.9e-05 0.056094
1926 1926 241 242 0.006133 0.237422
1927 1927 249 1554 0.000499 -0.008379
1928 1928 248 1580 0.000325 -0.008726
1929 1929 250 1554 0.000298 0.048407
1930 1930 250 1580 0.000381 0.047715
1931 1931 253 1555 0.000166 -0.005062
1932 1932 254 1602 0.000166 -0.010873
1933 1933 255 1613 0.000152 -0.007756
1934 1934 253 1622 0.000118 -0.007618
1935 1935 258 1555 0.000201 0.026437
1936 1936 257 1602 0.000166 0.038296
1937 1937 258 1613 0.000187 0.03518
1938 1938 257 1622 0.00018 0.034695
1939 1939 267 269 0.000325 0.026801
1940 1940 267 268 0.000319 0.026593
1941 1941 270 271 0.007664 0.250785
1942 1942 270 271 0.007664 0.250785
1943 1943 270 271 0.007664 0.250785
1944 1944 278 1556 0.004224 0.148199
1945 1945 279 1556 0.000388 -0.009003
1946 1946 279 1581 0.00063 -0.005194
1947 1947 280 1556 0.000395 0.049169
1948 1948 280 1581 3.5e-05 0.048476
1949 1949 290 291 0.000325 0.027147
1950 1950 290 291 0.000319 0.027216
1951 1951 290 1603 0.000229 -0.008102
1952 1952 292 1603 8.3e-05 0.035734
1953 1953 307 308 0.000339 0.027285
1954 1954 307 308 0.000339 0.027355
1955 1955 307 1604 0.000132 -0.007479
1956 1956 308 1604 0.000173 0.034764
1957 1957 327 328 0.002469 0.533333
1958 1958 346 347 0.000325 0.025139
1959 1959 345 347 0.000325 0.025346
1960 1960 348 350 0.000332 0.027078
1961 1961 348 350 0.000325 0.027355
1962 1962 348 350 0.000817 0.042313
1963 1963 348 350 0.000686 0.043075
1964 1964 361 363 0.000319 0.024723
1965 1965 360 363 0.000332 0.024931
1966 1966 368 369 0.000263 0.025277
1967 1967 368 369 0.000319 0.024862
1968 1968 389 390 0.000332 0.024654
1969 1969 388 390 0.000312 0.024654
1970 1970 396 397 0.006133 0.237422
1971 1971 420 1557 0.000263 -0.005471
1972 1972 421 1557 6.2e-05 0.032895
1973 1973 435 436 0.000325 0.027355
1974 1974 435 436 0.000796 0.041551
1975 1975 435 436 0.000727 0.048753
1976 1976 435 436 0.000325 0.027562
1977 1977 440 1614 0.000159 -0.007133
1978 1978 440 1624 0.000277 -0.005609
1979 1979 441 1614 0.000173 0.033726
1980 1980 441 1624 6.2e-05 0.032964
1981 1981 442 443 0.000325 0.024792
1982 1982 456 458 0.000332 0.025069
1983 1983 456 458 0.000332 0.024931
1984 1984 461 1558 0.000145 -0.007548
1985 1985 461 1582 0.000533 -0.004848
1986 1986 462 1558 0.000187 0.03428
1987 1987 462 1582 0.000173 0.053186
1988 1988 527 528 0.000735 0.044668
1989 1989 552 553 0.000803 0.034418
1990 1990 551 1583 0.000277 -0.004709
1991 1991 553 1583 4.8e-05 0.029571
1992 1992 555 556 0.000319 0.024792
1993 1993 558 559 0.000332 0.024723
1994 1994 558 559 0.000305 0.025
1995 1995 586 587 0.000319 0.02687
1996 1996 586 587 0.000339 0.02687
1997 1997 586 587 0.00036 0.027285
1998 1998 595 596 0.002909 0.158587
1999 1999 595 597 0.002832 0.157202
2000 2000 1559 602 0.000152 -0.006163
2001 2001 602 603 0.000312 0.024862
2002 2002 603 1559 0.000159 0.031163
2003 2003 430 605 0.000119 0.00796
2004 2004 614 615 0.005096 0.143921
2005 2005 614 615 0.005531 0.188247
2006 2006 622 623 0.000713 0.043283
2007 2007 622 623 0.000769 0.043837
2008 2008 633 635 0.000319 0.027424
2009 2009 633 635 0.000319 0.027355
2010 2010 649 650 0.002074 0.161778
2011 2011 649 650 0.002074 0.161778
2012 2012 657 658 0.005472 0.190025
2013 2013 674 675 0.000319 0.024307
2014 2014 677 679 0.000693 0.048753
2015 2015 677 678 0.000796 0.042452
2016 2016 701 702 0.0032 0.124444
2017 2017 1833 709 0.000332 0.024862
2018 2018 1833 1584 0.000145 -0.006371
2019 2019 708 1605 0.000132 -0.006302
2020 2020 709 1584 0.000187 0.031163
2021 2021 709 1605 0.000187 0.03144
2022 2022 710 711 0.000845 0.042729
2023 2023 716 717 0.001936 0.115358
2024 2024 718 719 0.000332 0.024238
2025 2025 718 719 0.000332 0.024238
2026 2026 729 730 0.004543 0.137284
2027 2027 732 733 0.00081 0.039266
2028 2028 732 733 0.00081 0.039612
2029 2029 736 737 0.003338 0.158025
2030 2030 741 742 0.001842 0.101731
2031 2031 741 743 0.001821 0.100762
2032 2032 747 748 0.001956 0.003956
2033 2033 763 764 0.000665 0.043075
2034 2034 763 764 0.000672 0.04356
2035 2035 1606 763 0.000554 -0.004224
2036 2036 764 1606 0.000118 0.047576
2037 2037 765 766 0.000679 0.04536
2038 2038 765 766 0.000686 0.045083
2039 2039 772 774 0.000332 0.024862
2040 2040 772 774 0.000319 0.024792
2041 2041 772 774 0.000319 0.025139
2042 2042 2016 1560 0.004993 0.223892
2043 2043 775 1560 0.000651 -0.005055
2044 2044 776 1560 4.2e-05 0.05374
2045 2045 779 783 0.003378 0.105679
2046 2046 779 783 0.003299 0.107654
2047 2047 780 784 0.001807 0.100831
2048 2048 780 784 0.00178 0.100139
2049 2049 783 784 0.000759 0.035838
2050 2050 785 1561 0.000145 -0.011219
2051 2051 785 1585 0.000139 -0.007687
2052 2052 786 1561 0.000194 0.038781
2053 2053 787 1585 0.000187 0.034903
2054 2054 791 792 0.000319 0.024862
2055 2055 791 792 0.000325 0.024862
2056 2056 801 1562 0.000443 -0.004848
2057 2057 801 1586 0.000305 -0.007133
2058 2058 801 802 0.000734 0.024654
2059 2059 802 1562 0.000249 0.047992
2060 2060 802 1586 0.000506 0.046814
2061 2061 813 1563 0.000152 -0.011219
2062 2062 813 1587 0.000443 -0.011011
2063 2063 813 1607 0.000215 -0.005194
2064 2064 813 1615 0.000145 -0.011496
2065 2065 814 1563 0.000187 0.038296
2066 2066 814 1587 0.000374 0.053463
2067 2067 814 1607 9.7e-05 0.032064
2068 2068 814 1615 0.000194 0.038435
2069 2069 818 1564 0.000229 -0.004571
2070 2070 820 1588 0.000215 -0.004432
2071 2071 819 821 0.000312 0.025069
2072 2072 821 1564 9.7e-05 0.029363
2073 2073 821 1588 9.7e-05 0.029086
2074 2074 836 839 0.000325 0.027355
2075 2075 837 1589 0.000152 -0.011357
2076 2076 836 1608 0.000145 -0.00741
2077 2077 836 1616 0.000125 -0.007756
2078 2078 839 1589 0.000187 0.038435
2079 2079 838 1608 0.000194 0.034626
2080 2080 838 1616 0.000215 0.034903
2081 2081 849 851 0.000319 0.024792
2082 2082 849 851 0.000319 0.024792
2083 2083 855 1565 0.00045 -0.014404
2084 2084 854 1590 0.000471 -0.013712
2085 2085 855 857 0.000803 0.034903
2086 2086 854 857 0.000269 0.027168
2087 2087 857 1565 0.000381 0.050623
2088 2088 857 1590 0.000367 0.050554
2089 2089 898 1566 0.000235 -0.004294
2090 2090 898 1591 0.000145 -0.006233
2091 2091 899 1566 9e-05 0.029086
2092 2092 899 1591 0.000194 0.031233
2093 2093 1272 904 0.000119 0.009086
2094 2094 966 967 0.000284 0.024792
2095 2095 977 979 0.00187 0.101731
2096 2096 977 978 0.001773 0.099862
2097 2097 431 999 4.2e-05 0.000339
2098 2098 998 999 0.000679 0.042867
2099 2099 1012 1567 0.000111 -0.007895
2100 2100 1013 1592 0.00027 -0.005402
2101 2101 1012 1609 0.000152 -0.007964
2102 2102 1014 1617 0.000152 -0.007271
2103 2103 1013 1018 0.000325 0.027078
2104 2104 1017 1567 0.000222 0.03518
2105 2105 1017 1592 5.5e-05 0.032756
2106 2106 1018 1609 0.000201 0.034764
2107 2107 1018 1617 0.000194 0.034141
2108 2108 1022 1023 0.000339 0.027285
2109 2109 1040 1568 0.000215 -0.00554
2110 2110 1040 1041 0.000325 0.027355
2111 2111 1041 1568 0.000125 0.033241
2112 2112 1273 1052 0.000119 0.009086
2113 2113 1055 1056 0.000319 0.024307
2114 2114 1055 1056 0.000339 0.025
2115 2115 1055 1056 0.000325 0.024584
2116 2116 1079 1080 0.000817 0.04349
2117 2117 1079 1080 0.000319 0.027978
2118 2118 1108 1110 0.000713 0.048546
2119 2119 1109 1110 0.000332 0.026939
2120 2120 1109 1110 0.000319 0.026385
2121 2121 1125 1569 0.000519 -0.00831
2122 2122 1125 1593 0.000471 -0.008033
2123 2123 1126 1569 0.000277 0.047922
2124 2124 1126 1593 0.00036 0.049584
2125 2125 1127 1128 0.000796 0.041413
2126 2126 1127 1128 0.000831 0.039681
2127 2127 1149 1150 0.000332 0.024792
2128 2128 1149 1150 0.000332 0.024792
2129 2129 1157 1570 0.000118 -0.005956
2130 2130 1156 1158 0.000325 0.024862
2131 2131 1158 1570 0.000187 0.032964
2132 2132 1162 1163 0.000319 0.024792
2133 2133 1164 1571 0.00081 -0.007802
2134 2134 1164 1594 0.00081 -0.007802
2135 2135 1572 1173 0.000277 -0.00464
2136 2136 1173 1174 0.000339 0.024931
2137 2137 1174 1572 6.2e-05 0.029571
2138 2138 1179 1181 0.001177 0.042382
2139 2139 1610 1179 0.000499 -0.006925
2140 2140 1618 1179 0.000353 -0.010873
2141 2141 1181 1610 0.000201 0.055402
2142 2142 1180 1618 0.000429 0.05374
2143 2143 1199 1200 0.000291 0.024792
2144 2144 1625 1215 0.000457 -0.005194
2145 2145 1215 1216 0.000796 0.048199
2146 2146 1216 1625 0.000242 0.047438
2147 2147 1237 1238 0.003556 0.127407
2148 2148 1257 1258 0.00164 0.118519
2149 2149 1259 1260 0.000783 0.042936
2150 2150 1259 1260 0.000776 0.043075
2151 2151 1262 1573 0.000159 -0.006025
2152 2152 1262 1595 0.000229 -0.004571
2153 2153 1262 1263 0.000332 0.025623
2154 2154 1263 1573 0.000173 0.031163
2155 2155 1263 1595 9e-05 0.029363
2156 2156 1264 1265 0.003186 0.137758
2157 2157 1269 1271 0.000686 0.047922
2158 2158 1270 1271 0.000325 0.027493
2159 2159 1270 1271 0.000325 0.027493
2160 2160 1276 1278 0.001835 0.101524
2161 2161 1276 1277 0.001828 0.102078
2162 2162 1280 1282 0.000319 0.027355
2163 2163 1280 1281 0.000339 0.029778
2164 2164 1289 1291 0.001752 0.102285
2165 2165 1289 1290 0.001752 0.102285
2166 2166 1298 1611 0.00018 -0.007687
2167 2167 1298 1619 0.000125 -0.007618
2168 2168 1299 1611 0.000166 0.035111
2169 2169 1299 1619 0.000201 0.034834
2170 2170 1301 1302 6.2e-05 0.031787
2171 2171 1301 1302 6.2e-05 0.031856
2172 2172 1319 1320 0.000208 0.016413
2173 2173 1318 1320 0.000208 0.014751
2174 2174 1317 1320 0.000208 0.016413
2175 2175 1313 1320 0.000208 0.016413
2176 2176 1311 1320 0.000208 0.016413
2177 2177 1312 1320 0.000208 0.016413
2178 2178 1316 1320 0.000208 0.016413
2179 2179 1315 1320 0.000208 0.016413
2180 2180 1314 1320 0.000319 0.024307
2181 2181 1336 1574 0.000699 -0.004709
2182 2182 1336 1337 0.000686 0.048546
2183 2183 1337 1574 1.4e-05 0.052839
2184 2184 1344 1347 0.000339 0.027008
2185 2185 1344 1347 0.000395 0.027216
2186 2186 1344 1347 0.000325 0.027632
2187 2187 1351 1352 0.000332 0.024792
2188 2188 1351 1596 0.000229 -0.004363
2189 2189 1352 1596 9.7e-05 0.029155
2190 2190 1360 1361 0.000332 0.025069
2191 2191 1360 1361 0.000319 0.025
2192 2192 1364 1365 0.000803 0.039335
2193 2193 1363 1365 0.000325 0.025
2194 2194 1364 1365 0.000796 0.039266
2195 2195 1366 1368 0.000305 0.024862
2196 2196 1373 1374 0.002212 0.125432
2197 2197 1374 1375 0.000319 0.024792
2198 2198 1374 1375 0.000325 0.025
2199 2199 1385 1575 0.00027 -0.005332
2200 2200 1385 1597 0.000249 -0.005471
2201 2201 1384 1612 0.000125 -0.007687
2202 2202 1385 1620 0.000173 -0.007895
2203 2203 1385 1626 0.000132 -0.010942
2204 2204 1386 1575 5.5e-05 0.032756
2205 2205 1386 1597 6.9e-05 0.032895
2206 2206 1386 1612 0.000201 0.034834
2207 2207 1386 1620 0.000166 0.034834
2208 2208 1386 1626 0.000208 0.038643
2209 2209 1389 1391 0.001925 0.101801
2210 2210 1389 1390 0.001835 0.101177
2211 2211 1392 1598 0.000145 -0.011288
2212 2212 1393 1394 0.000319 0.027355
2213 2213 1392 1621 0.000291 -0.00554
2214 2214 1393 1395 0.000693 0.048615
2215 2215 1393 1627 0.000471 -0.005263
2216 2216 1394 1598 0.000187 0.038712
2217 2217 1395 1621 2.8e-05 0.032895
2218 2218 1395 1627 0.000235 0.053324
2219 2219 1415 1416 0.000332 0.025069
2220 2220 1415 1417 0.000332 0.025069
2221 2221 1414 1417 0.000339 0.024446
2222 2222 1414 1416 0.000332 0.025069
2223 2223 1420 1421 0.000346 0.025346
2224 2224 1420 1421 0.000332 0.025208
2225 2225 1840 1426 0.000325 0.027701
2226 2226 29 1628 0 0.019737
2227 2227 30 1629 0 0.019737
2228 2228 51 1842 0 0.54184
2229 2229 51 1843 0 0.54184
2230 2230 51 1844 0 0.54184
2231 2231 61 1630 0 0.142857
2232 2232 61 1631 0 0.219149
2233 2233 63 1845 0 0.090928
2234 2234 73 1846 0 0.366794
2235 2235 73 1632 0 0.366794
2236 2236 74 1847 0 0.366794
2237 2237 74 1848 0 0.366794
2238 2238 101 1849 0 0.128409
2239 2239 101 1850 0 0.128409
2240 2240 103 1851 0 0.15
2241 2241 103 1852 0 0.15
2242 2242 102 1853 0 0.15
2243 2243 102 1854 0 0.15
2244 2244 130 1633 0 0.012611
2245 2245 127 1634 0 0.012611
2246 2246 128 1635 0 0.012611
2247 2247 129 1636 0 0.012611
2248 2248 132 1637 0 0.048207
2249 2249 131 1638 0 0.048207
2250 2250 133 1639 0 0.043965
2251 2251 133 1640 0 0.03442
2252 2252 133 1641 0 0.06506
2253 2253 140 1642 0 0.161429
2254 2254 140 1643 0 0.17931
2255 2255 140 1855 0 0.161429
2256 2256 140 1644 0 0.17931
2257 2257 140 1645 0 0.17931
2258 2258 791 1646 0 0.044965
2259 2259 165 1647 0 0.248077
2260 2260 167 1856 0 0.112429
2261 2261 167 1857 0 0.183397
2262 2262 167 1858 0 0.183397
2263 2263 167 1859 0 0.183397
2264 2264 167 2070 0 0.183397
2265 2265 169 1860 0 0.166743
2266 2266 169 1861 0 0.300114
2267 2267 186 1648 0 0.012685
2268 2268 185 1649 0 0.012685
2269 2269 183 1650 0 0.012685
2270 2270 184 1651 0 0.012685
2271 2271 190 1652 0 0.009303
2272 2272 191 1862 0 0.009303
2273 2273 194 1653 0 0.200062
2274 2274 194 1654 0 0.200062
2275 2275 194 1655 0 0.200062
2276 2276 193 1656 0 0.200062
2277 2277 193 1657 0 0.200062
2278 2278 193 1658 0 0.200062
2279 2279 196 1863 0 0.333434
2280 2280 196 1659 0 0.333434
2281 2281 196 1660 0 0.333434
2282 2282 196 1661 0 0.333434
2283 2283 197 1662 0 0.333434
2284 2284 197 1663 0 0.333434
2285 2285 200 1864 0 0.453182
2286 2286 200 1865 0 0.453182
2287 2287 218 1866 0 0.333994
2288 2288 218 1664 0 0.333994
2289 2289 218 1665 0 0.333994
2290 2290 218 1867 0 0.333994
2291 2291 217 1666 0 0.333994
2292 2292 217 1868 0 0.333994
2293 2293 243 1667 0 0.008909
2294 2294 244 1869 0 0.008909
2295 2295 245 1668 0 0.008909
2296 2296 246 1669 0 0.008909
2297 2297 281 1870 0 0.128889
2298 2298 282 1871 0 0.133372
2299 2299 282 1872 0 0.133372
2300 2300 295 1670 0 0.048207
2301 2301 299 1873 0 0.054074
2302 2302 299 1874 0 0.054074
2303 2303 300 1671 0 0.012685
2304 2304 302 1673 0 0.012611
2305 2305 301 1674 0 0.012611
2306 2306 304 1675 0 0.009257
2307 2307 305 1676 0 0.009257
2308 2308 311 1875 0 0.009257
2309 2309 310 1677 0 0.009257
2310 2310 316 1877 0 0.155059
2311 2311 316 1878 0 0.155059
2312 2312 15 1678 0 0.06579
2313 2313 16 1679 0 0.06579
2314 2314 608 1680 0 0.1
2315 2315 338 1681 0 0.01954
2316 2316 336 1682 0 0.020227
2317 2317 337 1683 0 0.01954
2318 2318 339 1684 0 0.021576
2319 2319 340 1880 0 0.314286
2320 2320 355 2045 0 0.333434
2321 2321 355 2081 0 0.333434
2322 2322 416 1881 0 0.2424
2323 2323 416 1882 0 0.2424
2324 2324 416 1685 0 0.2424
2325 2325 416 1883 0 0.2424
2326 2326 416 1884 0 0.2424
2327 2327 416 1885 0 0.2424
2328 2328 382 1686 0 0.012685
2329 2329 381 1687 0 0.012685
2330 2330 383 1688 0 0.012611
2331 2331 384 1689 0 0.012611
2332 2332 392 1886 0 0.181818
2333 2333 392 1887 0 0.181818
2334 2334 392 1888 0 0.181818
2335 2335 401 1690 0 0.041231
2336 2336 400 1691 0 0.273494
2337 2337 411 1692 0 0.032831
2338 2338 437 1693 0 0.089389
2339 2339 438 1694 0 0.089389
2340 2340 438 1695 0 0.056597
2341 2341 437 1696 0 0.056597
2342 2342 452 1697 0 0.012685
2343 2343 451 1698 0 0.012685
2344 2344 453 1699 0 0.012685
2345 2345 454 1700 0 0.012685
2346 2346 466 1701 0 0.345838
2347 2347 503 1702 0 0.266753
2348 2348 502 1703 0 0.266753
2349 2349 501 1889 0 0.266753
2350 2350 507 1704 0 0.009303
2351 2351 510 1705 0 0.009303
2352 2352 538 1890 0 0.510159
2353 2353 539 1891 0 0.510159
2354 2354 540 1892 0 0.510159
2355 2355 541 1706 0 0.510159
2356 2356 557 1893 0 0.128214
2357 2357 558 1894 0 0.128214
2358 2358 558 1895 0 0.128214
2359 2359 558 1896 0 0.148375
2360 2360 557 1897 0 0.148375
2361 2361 565 1707 0 0.47948
2362 2362 562 1898 0 0.47948
2363 2363 560 1899 0 0.47948
2364 2364 561 1708 0 0.47948
2365 2365 564 1709 0 0.47948
2366 2366 567 1710 0 0.400125
2367 2367 567 1711 0 0.400125
2368 2368 576 1712 0 0.008909
2369 2369 577 1713 0 0.008909
2370 2370 578 1900 0 0.457282
2371 2371 578 2017 0 0.457282
2372 2372 583 1714 0 0.042476
2373 2373 585 1901 0 0.302795
2374 2374 585 1902 0 0.302795
2375 2375 592 1715 0 0.012685
2376 2376 593 1716 0 0.012685
2377 2377 591 1717 0 0.012685
2378 2378 589 1718 0 0.012685
2379 2379 590 1719 0 0.012685
2380 2380 588 1720 0 0.012685
2381 2381 615 1721 0 0.041112
2382 2382 1343 1903 0 0.082529
2383 2383 1343 1904 0 0.082529
2384 2384 1343 1905 0 0.082529
2385 2385 1343 1906 0 0.082529
2386 2386 1343 1907 0 0.082529
2387 2387 1343 1908 0 0.082529
2388 2388 1343 1909 0 0.082529
2389 2389 1343 1910 0 0.082529
2390 2390 1343 1911 0 0.082529
2391 2391 1343 1912 0 0.082529
2392 2392 1343 1913 0 0.082529
2393 2393 1343 1914 0 0.082529
2394 2394 625 1722 0 0.029081
2395 2395 638 1723 0 0.044965
2396 2396 637 1724 0 0.020227
2397 2397 639 1725 0 0.021197
2398 2398 643 1915 0 0.203226
2399 2399 643 1916 0 0.203226
2400 2400 650 1917 0 0.372846
2401 2401 650 1918 0 0.372846
2402 2402 683 1919 0 0.30255
2403 2403 684 1920 0 0.30255
2404 2404 681 1921 0 0.30255
2405 2405 682 1922 0 0.30255
2406 2406 686 1923 0 0.333559
2407 2407 685 1924 0 0.333559
2408 2408 689 1926 0 0.525174
2409 2409 707 1927 0 0.460144
2410 2410 752 1726 0 0.312857
2411 2411 752 1727 0 0.312857
2412 2412 752 1728 0 0.312857
2413 2413 752 1928 0 0.312857
2414 2414 744 1729 0 0.048207
2415 2415 749 1929 0 0.220078
2416 2416 749 1930 0 0.220078
2417 2417 760 1931 0 0.120375
2418 2418 760 1932 0 0.17125
2419 2419 760 1933 0 0.13875
2420 2420 760 1934 0 0.120375
2421 2421 762 1935 0 0.329412
2422 2422 762 1936 0 0.329412
2423 2423 762 1937 0 0.329412
2424 2424 768 1938 0 0.181636
2425 2425 770 1939 0 0.360113
2426 2426 770 1940 0 0.360113
2427 2427 770 1941 0 0.360113
2428 2428 770 1942 0 0.360113
2429 2429 796 1730 0 0.044965
2430 2430 797 1731 0 0.044965
2431 2431 809 1943 0 0.482751
2432 2432 809 1944 0 0.482751
2433 2433 146 1945 0 0.10632
2434 2434 147 1946 0 0.10632
2435 2435 1233 1947 0 0.084636
2436 2436 107 1732 0 0.031723
2437 2437 858 1948 0 0.25608
2438 2438 858 1949 0 0.25608
2439 2439 861 1733 0 0.0516
2440 2440 860 1734 0 0.0516
2441 2441 864 1950 0 0.0592
2442 2442 864 1951 0 0.0596
2443 2443 863 1952 0 0.0596
2444 2444 863 1953 0 0.05972
2445 2445 871 1954 0 0.15879
2446 2446 871 1955 0 0.15879
2447 2447 499 1735 0 0.012685
2448 2448 498 1736 0 0.012685
2449 2449 880 1737 0 0.295332
2450 2450 877 1738 0 0.295332
2451 2451 878 1739 0 0.295332
2452 2452 888 1740 0 0.03299
2453 2453 888 1956 0 0.04269
2454 2454 889 1741 0 0.034269
2455 2455 915 1742 0 0.009303
2456 2456 918 1957 0 0.144154
2457 2457 918 1958 0 0.144154
2458 2458 918 1959 0 0.144154
2459 2459 920 1960 0 0.297059
2460 2460 928 1743 0 0.287294
2461 2461 934 1744 0 0.008909
2462 2462 935 1745 0 0.008909
2463 2463 937 1746 0 0.008909
2464 2464 936 1961 0 0.008909
2465 2465 943 1747 0 0.389792
2466 2466 951 1748 0 0.009303
2467 2467 952 1749 0 0.009303
2468 2468 968 1750 0 0.021485
2469 2469 970 1751 0 0.021485
2470 2470 969 1752 0 0.021485
2471 2471 971 1753 0 0.019737
2472 2472 974 1962 0 0.314388
2473 2473 974 1963 0 0.314388
2474 2474 974 1964 0 0.314388
2475 2475 974 2058 0 0.31817
2476 2476 975 1965 0 0.156299
2477 2477 975 1966 0 0.156299
2478 2478 985 1754 0 0.044965
2479 2479 984 1755 0 0.020227
2480 2480 1003 1968 0 0.214367
2481 2481 1010 1756 0 0.733548
2482 2482 1032 1757 0 0.046748
2483 2483 1039 1969 0 0.283636
2484 2484 1047 1758 0 0.155048
2485 2485 1046 1759 0 0.155048
2486 2486 1045 1760 0 0.155048
2487 2487 1048 1970 0 0.327904
2488 2488 1048 1971 0 0.327904
2489 2489 1048 1972 0 0.327904
2490 2490 1048 1973 0 0.327904
2491 2491 1075 1974 0 0.0774
2492 2492 1076 1975 0 0.06037
2493 2493 1077 1976 0 0.0774
2494 2494 1078 1977 0 0.0774
2495 2495 1085 1761 0 0.285799
2496 2496 1083 1762 0 0.285799
2497 2497 1084 1978 0 0.285799
2498 2498 179 1763 0 0.330403
2499 2499 178 1764 0 0.330403
2500 2500 177 1765 0 0.330403
2501 2501 176 1766 0 0.330403
2502 2502 175 1767 0 0.330403
2503 2503 1138 1769 0 0.261991
2504 2504 1138 1770 0 0.261991
2505 2505 1141 1979 0 0.317591
2506 2506 1142 1980 0 0.329412
2507 2507 1142 1981 0 0.329412
2508 2508 1147 1982 0 0.302312
2509 2509 1147 1983 0 0.290091
2510 2510 1147 1984 0 0.290101
2511 2511 1147 1985 0 0.175059
2512 2512 1155 1986 0 0.167949
2513 2513 1155 1987 0 0.167949
2514 2514 1159 1771 0 0.733625
2515 2515 1159 1988 0 0.733625
2516 2516 1182 1989 0 0.124444
2517 2517 1182 1990 0 0.124444
2518 2518 1182 1991 0 0.124444
2519 2519 1182 1992 0 0.124444
2520 2520 1184 1993 0 0.088828
2521 2521 1184 1994 0 0.088828
2522 2522 1195 1772 0 0.009303
2523 2523 1194 1995 0 0.009303
2524 2524 482 1773 0 0.035942
2525 2525 483 1774 0 0.019697
2526 2526 480 1775 0 0.037419
2527 2527 481 1776 0 0.037117
2528 2528 1207 1996 0 0.244364
2529 2529 1207 1997 0 0.244364
2530 2530 1209 1998 0 0.226
2531 2531 1209 1999 0 0.226
2532 2532 1210 2000 0 0.148936
2533 2533 1210 2018 0 0.21875
2534 2534 1214 1777 0 0.012611
2535 2535 1213 1778 0 0.012611
2536 2536 1217 2001 0 0.1992
2537 2537 1217 1779 0 0.1992
2538 2538 1217 2002 0 0.1992
2539 2539 1238 2003 0 0.193273
2540 2540 1247 1780 0 0.428124
2541 2541 1250 2028 0 0.428124
2542 2542 1249 1781 0 0.428124
2543 2543 1248 1782 0 0.428124
2544 2544 1254 2004 0 0.092765
2545 2545 1254 2005 0 0.092765
2546 2546 1254 2006 0 0.092765
2547 2547 1258 2007 0 0.1195
2548 2548 1258 2008 0 0.1195
2549 2549 1258 2009 0 0.1195
2550 2550 1305 1783 0 0.012769
2551 2551 1306 1784 0 0.012769
2552 2552 1308 1785 0 0.012769
2553 2553 1307 1786 0 0.012769
2554 2554 1333 1787 0 0.050588
2555 2555 1333 1788 0 0.050588
2556 2556 1332 1789 0 0.050588
2557 2557 1379 1790 0 0.044965
2558 2558 1378 1791 0 0.044965
2559 2559 1382 2010 0 0.070769
2560 2560 1400 1792 0 0.318049
2561 2561 1399 2011 0 0.318049
2562 2562 1398 2012 0 0.318049
2563 2563 1407 1793 0 0.15125
2564 2564 1407 1794 0 0.15125
2565 2565 766 1795 5e-06 5e-05
2566 2566 766 1796 5e-06 5e-05
2567 2567 981 1797 0.002262 0.013491
2568 2568 739 1798 0.000544 0.006842
2569 2569 36 1799 0.002222 0.014124
2570 2570 1181 1800 0.000322 0.003148
2571 2571 849 1801 0.000781 0.006247
2572 2572 885 1802 0.000232 0.001856
2573 2573 792 1803 0.000661 0.008092
2574 2574 70 1804 0.00037 0.004699
2575 2575 764 1805 0.000544 0.005689
2576 2576 1181 1806 0.000457 0.005163
2577 2577 975 1807 0.004375 0.020138
2578 2578 1504 1808 0.00076 0.004523
2579 2579 216 1809 0.001086 0.016543
2580 2580 1402 1810 0.00106 0.005879
2581 2581 874 1811 0.000264 0.002841
2582 2582 1199 1812 0.00165 0.007587
2583 2583 1367 1813 0.000256 0.003556
2584 2584 1368 1814 0.000253 0.003556
2585 2585 306 1815 0.003052 0.022203
2586 2586 37 1816 0.000544 0.005865
2587 2587 1180 1817 0.000469 0.005225
2588 2588 345 1818 0.005588 0.034701
2589 2589 7 1819 0.000862 0.019598
2590 2590 8 1820 0.000862 0.019598
2591 2591 346 1821 0.004375 0.026805
2592 2592 1382 1822 0.000332 0.004013
2593 2593 558 1823 0.001393 0.009294
2594 2594 558 1824 0.001393 0.009304
2595 2595 216 1825 6.2e-05 0.000855
2596 2596 86 1826 0.001043 0.011382
