#bus_name bus_num cc
5147 5147 0
3097 3097 0
8763 8763 0
427 427 0
5425 5425 0
4704 4704 0
5960 5960 0
7431 7431 0
3186 3186 0
4481 4481 0
5205 5205 0
7833 7833 0
7770 7770 0
5773 5773 0
6542 6542 0
7840 7840 0
5214 5214 0
2971 2971 0
6069 6069 0
3445 3445 0
7561 7561 0
8825 8825 0
7556 7556 0
7058 7058 0
4324 4324 0
132 132 0
2962 2962 0
4393 4393 0
5044 5044 0
693 693 0
7860 7860 0
6883 6883 0
6494 6494 0
4945 4945 0
6080 6080 0
7146 7146 0
7388 7388 0
4735 4735 0
5239 5239 0
3145 3145 0
3615 3615 0
8731 8731 0
6246 6246 0
2549 2549 0
7829 7829 0
4951 4951 0
7004 7004 0
3370 3370 0
8381 8381 0
4795 4795 0
5562 5562 0
3409 3409 0
1716 1716 0
1000 1000 0
6145 6145 0
6060 6060 0
5289 5289 0
7965 7965 0
4363 4363 0
4507 4507 0
425 425 0
7526 7526 0
5674 5674 0
4799 4799 0
8581 8581 0
4337 4337 0
4968 4968 0
2154 2154 0
1747 1747 0
7699 7699 0
1689 1689 0
659 659 0
9024 9024 0
4929 4929 0
1815 1815 0
1445 1445 0
6833 6833 0
2268 2268 0
7180 7180 0
6293 6293 0
1968 1968 0
9192 9192 0
3493 3493 0
955 955 0
228 228 0
6826 6826 0
8964 8964 0
5776 5776 0
8574 8574 0
1616 1616 0
1163 1163 0
9064 9064 0
8921 8921 0
2299 2299 0
4423 4423 0
7563 7563 0
4427 4427 0
8335 8335 0
5155 5155 0
271 271 0
2449 2449 0
4665 4665 0
4495 4495 0
5587 5587 0
4586 4586 0
2870 2870 0
1037 1037 0
5210 5210 0
7762 7762 0
2520 2520 0
89 89 0
1317 1317 0
8605 8605 0
1367 1367 0
1676 1676 0
7051 7051 0
913 913 0
2107 2107 0
5996 5996 0
6704 6704 0
2441 2441 0
3506 3506 0
2908 2908 0
8329 8329 0
9239 9239 0
7960 7960 0
6233 6233 0
5416 5416 0
6798 6798 0
792 792 0
3279 3279 0
7279 7279 0
2267 2267 0
7637 7637 0
2168 2168 0
3659 3659 0
5762 5762 0
3242 3242 0
5097 5097 0
1611 1611 0
8181 8181 0
8179 8179 0
9025 9025 0
5509 5509 0
4014 4014 0
1579 1579 0
1531 1531 0
5848 5848 0
8847 8847 0
8229 8229 0
317 317 0
8420 8420 0
6561 6561 0
1294 1294 0
1666 1666 0
4096 4096 0
4717 4717 0
4241 4241 0
7395 7395 0
5873 5873 0
1479 1479 0
1475 1475 0
2248 2248 0
264 264 0
8530 8530 0
3744 3744 0
4806 4806 0
6239 6239 0
5991 5991 0
8671 8671 0
201 201 0
3512 3512 0
1430 1430 0
5592 5592 0
4953 4953 0
2355 2355 0
4510 4510 0
2957 2957 0
6936 6936 0
5697 5697 0
5933 5933 0
6040 6040 0
5189 5189 0
2917 2917 0
6654 6654 0
6679 6679 0
7139 7139 0
6134 6134 0
7413 7413 0
6456 6456 0
2358 2358 0
1638 1638 0
8571 8571 0
8247 8247 0
5787 5787 0
1393 1393 0
6243 6243 0
8338 8338 0
751 751 0
8285 8285 0
4293 4293 0
7392 7392 0
6632 6632 0
930 930 0
4407 4407 0
7834 7834 0
6596 6596 0
1418 1418 0
3633 3633 0
7820 7820 0
2921 2921 0
6093 6093 0
3487 3487 0
8353 8353 0
6904 6904 0
6625 6625 0
6261 6261 0
1872 1872 0
7973 7973 0
4651 4651 0
710 710 0
6499 6499 0
3792 3792 0
2193 2193 0
6717 6717 0
4752 4752 0
7644 7644 0
6769 6769 0
7075 7075 0
8213 8213 0
2507 2507 0
6917 6917 0
3095 3095 0
2951 2951 0
1898 1898 0
1498 1498 0
1280 1280 0
4279 4279 0
2343 2343 0
5946 5946 0
2236 2236 0
3821 3821 0
1173 1173 0
2946 2946 0
3065 3065 0
4124 4124 0
3378 3378 0
4809 4809 0
4750 4750 0
6663 6663 0
5217 5217 0
4855 4855 0
509 509 0
9162 9162 0
6964 6964 0
7002 7002 0
6879 6879 0
8870 8870 0
8504 8504 0
2730 2730 0
7508 7508 0
385 385 0
3650 3650 0
8858 8858 0
4856 4856 0
1618 1618 0
1060 1060 0
8806 8806 0
8547 8547 0
6669 6669 0
7398 7398 0
8124 8124 0
2496 2496 0
8419 8419 0
5125 5125 0
2916 2916 0
8973 8973 0
2471 2471 0
8888 8888 0
4906 4906 0
3076 3076 0
4182 4182 0
2235 2235 0
42 42 0
5919 5919 0
2096 2096 0
6292 6292 0
6127 6127 0
2658 2658 0
5191 5191 0
929 929 0
1175 1175 0
1344 1344 0
1421 1421 0
709 709 0
4652 4652 0
3587 3587 0
8159 8159 0
3798 3798 0
2261 2261 0
7755 7755 0
7287 7287 0
6496 6496 0
5372 5372 0
807 807 0
8582 8582 0
3193 3193 0
7053 7053 0
2764 2764 0
1133 1133 0
2301 2301 0
3427 3427 0
8575 8575 0
4644 4644 0
1086 1086 0
2849 2849 0
1458 1458 0
2459 2459 0
477 477 0
8210 8210 0
3113 3113 0
8987 8987 0
4450 4450 0
1501 1501 0
1185 1185 0
706 706 0
1240 1240 0
3500 3500 0
8871 8871 0
6359 6359 0
6783 6783 0
6454 6454 0
8438 8438 0
4253 4253 0
7196 7196 0
4230 4230 0
1912 1912 0
6315 6315 0
621 621 0
4360 4360 0
808 808 0
4958 4958 0
2642 2642 0
5823 5823 0
1947 1947 0
3966 3966 0
1074 1074 0
4165 4165 0
6659 6659 0
7303 7303 0
1793 1793 0
2668 2668 0
4663 4663 0
6443 6443 0
519 519 0
595 595 0
3291 3291 0
6138 6138 0
7504 7504 0
2896 2896 0
5280 5280 0
8534 8534 0
5121 5121 0
9039 9039 0
3961 3961 0
4238 4238 0
1411 1411 0
5793 5793 0
976 976 0
1549 1549 0
4600 4600 0
2800 2800 0
1600 1600 0
8186 8186 0
4011 4011 0
5771 5771 0
9216 9216 0
1409 1409 0
6597 6597 0
6836 6836 0
15 15 0
429 429 0
6132 6132 0
6660 6660 0
1439 1439 0
649 649 0
8417 8417 0
5435 5435 0
4058 4058 0
5617 5617 0
9055 9055 0
1471 1471 0
8396 8396 0
7925 7925 0
4542 4542 0
8337 8337 0
3544 3544 0
7510 7510 0
2907 2907 0
4338 4338 0
1282 1282 0
7795 7795 0
3382 3382 0
5409 5409 0
8352 8352 0
797 797 0
8207 8207 0
1241 1241 0
2416 2416 0
5042 5042 0
179 179 0
9001 9001 0
5463 5463 0
445 445 0
2538 2538 0
6397 6397 0
2081 2081 0
4556 4556 0
4592 4592 0
3592 3592 0
267 267 0
4632 4632 0
579 579 0
9117 9117 0
3282 3282 0
7145 7145 0
4095 4095 0
699 699 0
6882 6882 0
7349 7349 0
1200 1200 0
3067 3067 0
3549 3549 0
6544 6544 0
1503 1503 0
3715 3715 0
5892 5892 0
5948 5948 0
2437 2437 0
5163 5163 0
236 236 0
8236 8236 0
5884 5884 0
4315 4315 0
3747 3747 0
988 988 0
932 932 0
3728 3728 0
7463 7463 0
8087 8087 0
3342 3342 0
7659 7659 0
3334 3334 0
1639 1639 0
8936 8936 0
481 481 0
9057 9057 0
1894 1894 0
4890 4890 0
5890 5890 0
5391 5391 0
6771 6771 0
869 869 0
5685 5685 0
4016 4016 0
981 981 0
6344 6344 0
6564 6564 0
4026 4026 0
4336 4336 0
4249 4249 0
642 642 0
7573 7573 0
6186 6186 0
8719 8719 0
1023 1023 0
3063 3063 0
6183 6183 0
6932 6932 0
8068 8068 0
1602 1602 0
2551 2551 0
7999 7999 0
8661 8661 0
7257 7257 0
2009 2009 0
6749 6749 0
1121 1121 0
4947 4947 0
4204 4204 0
7191 7191 0
284 284 0
9159 9159 0
3178 3178 0
6038 6038 0
75 75 0
2126 2126 0
6869 6869 0
7137 7137 0
3673 3673 0
6745 6745 0
8953 8953 0
1520 1520 0
3233 3233 0
8240 8240 0
6994 6994 0
5970 5970 0
970 970 0
5348 5348 0
1909 1909 0
3843 3843 0
1021 1021 0
257 257 0
172 172 0
8138 8138 0
5111 5111 0
5511 5511 0
8946 8946 0
849 849 0
6768 6768 0
9049 9049 0
5332 5332 0
618 618 0
4442 4442 0
814 814 0
7632 7632 0
3629 3629 0
4112 4112 0
7630 7630 0
1645 1645 0
3066 3066 0
1957 1957 0
1769 1769 0
7417 7417 0
7600 7600 0
962 962 0
3489 3489 0
3813 3813 0
1347 1347 0
5500 5500 0
5366 5366 0
1869 1869 0
473 473 0
5767 5767 0
3061 3061 0
7096 7096 0
4290 4290 0
6681 6681 0
5060 5060 0
5780 5780 0
4291 4291 0
6656 6656 0
8729 8729 0
5512 5512 0
7685 7685 0
4967 4967 0
1013 1013 0
7875 7875 0
1741 1741 0
51 51 0
5670 5670 0
6174 6174 0
2517 2517 0
7805 7805 0
3425 3425 0
8658 8658 0
9028 9028 0
4274 4274 0
3442 3442 0
6953 6953 0
9043 9043 0
7819 7819 0
32 32 0
7423 7423 0
1065 1065 0
731 731 0
4020 4020 0
2116 2116 0
7283 7283 0
3157 3157 0
916 916 0
2403 2403 0
4772 4772 0
6797 6797 0
6192 6192 0
3937 3937 0
7669 7669 0
8867 8867 0
8939 8939 0
1114 1114 0
5096 5096 0
7064 7064 0
2188 2188 0
4706 4706 0
7428 7428 0
5170 5170 0
5681 5681 0
8756 8756 0
2060 2060 0
6009 6009 0
3150 3150 0
8147 8147 0
1632 1632 0
3621 3621 0
7460 7460 0
7929 7929 0
947 947 0
3584 3584 0
4177 4177 0
5276 5276 0
5034 5034 0
8301 8301 0
1461 1461 0
3754 3754 0
6179 6179 0
4954 4954 0
7861 7861 0
4690 4690 0
4317 4317 0
72 72 0
6333 6333 0
8702 8702 0
4948 4948 0
3687 3687 0
5877 5877 0
1232 1232 0
4588 4588 0
4371 4371 0
6209 6209 0
7877 7877 0
4062 4062 0
1599 1599 0
8079 8079 0
6841 6841 0
2564 2564 0
8710 8710 0
1491 1491 0
7406 7406 0
6039 6039 0
8034 8034 0
7475 7475 0
2740 2740 0
2297 2297 0
6877 6877 0
8981 8981 0
4428 4428 0
1841 1841 0
3582 3582 0
1399 1399 0
1752 1752 0
7845 7845 0
7347 7347 0
4896 4896 0
3736 3736 0
739 739 0
8561 8561 0
4843 4843 0
6092 6092 0
8512 8512 0
4658 4658 0
299 299 0
5117 5117 0
6394 6394 0
1969 1969 0
5464 5464 0
4957 4957 0
4446 4446 0
1115 1115 0
6090 6090 0
3428 3428 0
9201 9201 0
3692 3692 0
266 266 0
2566 2566 0
2172 2172 0
7193 7193 0
5025 5025 0
3662 3662 0
4931 4931 0
489 489 0
8529 8529 0
7029 7029 0
550 550 0
6299 6299 0
4181 4181 0
957 957 0
7446 7446 0
4897 4897 0
3275 3275 0
8374 8374 0
1064 1064 0
3734 3734 0
986 986 0
3367 3367 0
4603 4603 0
6970 6970 0
5162 5162 0
2412 2412 0
2686 2686 0
3644 3644 0
1897 1897 0
3268 3268 0
3665 3665 0
6436 6436 0
6985 6985 0
854 854 0
415 415 0
8378 8378 0
8625 8625 0
3111 3111 0
3689 3689 0
5091 5091 0
8012 8012 0
4489 4489 0
1168 1168 0
3840 3840 0
686 686 0
5821 5821 0
2225 2225 0
4390 4390 0
2504 2504 0
483 483 0
8701 8701 0
1271 1271 0
8664 8664 0
5202 5202 0
3027 3027 0
5923 5923 0
7310 7310 0
5831 5831 0
8819 8819 0
5329 5329 0
2844 2844 0
8149 8149 0
1802 1802 0
5828 5828 0
440 440 0
1391 1391 0
6607 6607 0
7673 7673 0
754 754 0
4773 4773 0
2913 2913 0
6949 6949 0
6349 6349 0
6543 6543 0
8163 8163 0
3106 3106 0
7249 7249 0
4657 4657 0
5961 5961 0
597 597 0
2622 2622 0
7688 7688 0
8260 8260 0
4081 4081 0
2785 2785 0
249 249 0
5290 5290 0
4467 4467 0
2143 2143 0
3008 3008 0
8066 8066 0
442 442 0
602 602 0
6484 6484 0
7918 7918 0
7436 7436 0
1942 1942 0
7611 7611 0
7869 7869 0
5171 5171 0
1697 1697 0
1728 1728 0
1850 1850 0
3109 3109 0
5726 5726 0
527 527 0
8242 8242 0
2091 2091 0
8993 8993 0
4397 4397 0
5608 5608 0
2202 2202 0
77 77 0
33 33 0
6490 6490 0
2978 2978 0
230 230 0
7343 7343 0
7821 7821 0
9097 9097 0
1513 1513 0
3125 3125 0
3163 3163 0
2667 2667 0
4493 4493 0
3468 3468 0
6244 6244 0
1030 1030 0
6022 6022 0
8776 8776 0
3495 3495 0
4910 4910 0
4224 4224 0
5494 5494 0
1437 1437 0
6604 6604 0
1457 1457 0
7629 7629 0
1985 1985 0
9106 9106 0
2700 2700 0
7312 7312 0
7366 7366 0
5631 5631 0
5465 5465 0
2147 2147 0
695 695 0
7351 7351 0
5441 5441 0
4314 4314 0
7571 7571 0
5803 5803 0
3916 3916 0
6757 6757 0
6036 6036 0
6921 6921 0
5019 5019 0
9112 9112 0
2930 2930 0
1436 1436 0
1851 1851 0
8331 8331 0
6220 6220 0
8791 8791 0
9203 9203 0
7842 7842 0
8997 8997 0
2129 2129 0
29 29 0
118 118 0
8903 8903 0
4598 4598 0
2426 2426 0
5533 5533 0
4831 4831 0
8961 8961 0
8522 8522 0
6888 6888 0
3401 3401 0
641 641 0
2600 2600 0
5351 5351 0
3051 3051 0
718 718 0
3036 3036 0
2327 2327 0
8651 8651 0
7473 7473 0
903 903 0
3654 3654 0
8732 8732 0
7050 7050 0
3912 3912 0
2273 2273 0
1973 1973 0
5131 5131 0
2928 2928 0
6629 6629 0
4918 4918 0
7309 7309 0
413 413 0
1102 1102 0
3248 3248 0
4281 4281 0
1146 1146 0
1187 1187 0
7945 7945 0
8900 8900 0
2421 2421 0
6071 6071 0
2972 2972 0
6031 6031 0
3293 3293 0
7264 7264 0
283 283 0
3069 3069 0
3390 3390 0
4689 4689 0
4936 4936 0
3218 3218 0
7809 7809 0
5455 5455 0
1857 1857 0
6806 6806 0
5410 5410 0
1609 1609 0
2438 2438 0
954 954 0
9140 9140 0
502 502 0
3013 3013 0
2949 2949 0
7070 7070 0
2208 2208 0
8060 8060 0
4484 4484 0
4239 4239 0
8535 8535 0
7047 7047 0
5477 5477 0
3657 3657 0
2918 2918 0
5317 5317 0
3 3 0
8676 8676 0
8189 8189 0
7267 7267 0
2938 2938 0
3918 3918 0
6581 6581 0
3830 3830 0
5648 5648 0
4907 4907 0
5957 5957 0
5233 5233 0
6854 6854 0
8311 8311 0
3680 3680 0
2770 2770 0
8804 8804 0
9241 9241 0
3083 3083 0
7124 7124 0
8873 8873 0
1566 1566 0
7582 7582 0
3541 3541 0
8683 8683 0
3698 3698 0
2801 2801 0
8328 8328 0
8511 8511 0
6570 6570 0
8975 8975 0
216 216 0
2961 2961 0
6773 6773 0
5278 5278 0
3768 3768 0
2751 2751 0
2276 2276 0
5546 5546 0
6816 6816 0
7766 7766 0
444 444 0
5334 5334 0
839 839 0
809 809 0
4506 4506 0
2286 2286 0
6802 6802 0
3520 3520 0
7273 7273 0
6271 6271 0
1435 1435 0
7148 7148 0
7437 7437 0
6104 6104 0
871 871 0
7580 7580 0
1188 1188 0
1539 1539 0
8515 8515 0
3971 3971 0
4084 4084 0
6845 6845 0
5340 5340 0
8294 8294 0
5814 5814 0
7115 7115 0
6807 6807 0
619 619 0
6791 6791 0
5418 5418 0
4908 4908 0
5120 5120 0
6692 6692 0
9158 9158 0
8035 8035 0
2848 2848 0
7056 7056 0
1642 1642 0
4594 4594 0
6114 6114 0
1692 1692 0
8190 8190 0
5836 5836 0
3191 3191 0
5300 5300 0
4889 4889 0
4747 4747 0
7982 7982 0
9011 9011 0
6675 6675 0
6909 6909 0
8835 8835 0
4186 4186 0
1604 1604 0
2842 2842 0
1354 1354 0
513 513 0
891 891 0
3697 3697 0
8312 8312 0
7541 7541 0
6306 6306 0
4826 4826 0
4418 4418 0
1605 1605 0
6952 6952 0
9128 9128 0
217 217 0
7014 7014 0
720 720 0
5350 5350 0
1711 1711 0
639 639 0
9130 9130 0
8209 8209 0
1998 1998 0
7974 7974 0
1035 1035 0
8180 8180 0
7466 7466 0
305 305 0
5106 5106 0
2527 2527 0
8466 8466 0
8669 8669 0
8893 8893 0
6206 6206 0
7691 7691 0
6624 6624 0
3240 3240 0
8158 8158 0
8795 8795 0
4143 4143 0
2797 2797 0
6331 6331 0
6384 6384 0
7523 7523 0
2889 2889 0
6887 6887 0
1249 1249 0
4541 4541 0
819 819 0
2304 2304 0
4353 4353 0
4816 4816 0
9174 9174 0
5658 5658 0
2924 2924 0
3645 3645 0
59 59 0
5764 5764 0
2360 2360 0
6510 6510 0
9033 9033 0
5918 5918 0
1275 1275 0
2850 2850 0
6426 6426 0
4110 4110 0
3558 3558 0
1758 1758 0
2816 2816 0
352 352 0
1923 1923 0
5837 5837 0
3577 3577 0
8030 8030 0
1794 1794 0
7808 7808 0
4615 4615 0
171 171 0
3137 3137 0
2341 2341 0
8787 8787 0
6252 6252 0
9137 9137 0
7133 7133 0
8361 8361 0
4355 4355 0
609 609 0
1341 1341 0
5419 5419 0
2079 2079 0
772 772 0
1355 1355 0
7282 7282 0
2197 2197 0
7640 7640 0
1081 1081 0
2359 2359 0
4196 4196 0
5856 5856 0
8546 8546 0
5987 5987 0
8005 8005 0
3925 3925 0
3324 3324 0
4748 4748 0
8265 8265 0
6151 6151 0
6313 6313 0
4005 4005 0
6532 6532 0
2177 2177 0
5723 5723 0
789 789 0
9189 9189 0
3400 3400 0
207 207 0
7791 7791 0
3205 3205 0
6735 6735 0
666 666 0
4435 4435 0
1644 1644 0
3483 3483 0
4683 4683 0
7989 7989 0
6516 6516 0
7697 7697 0
416 416 0
2847 2847 0
2563 2563 0
2995 2995 0
5691 5691 0
1001 1001 0
4426 4426 0
2721 2721 0
2361 2361 0
5179 5179 0
2044 2044 0
4197 4197 0
5522 5522 0
5699 5699 0
8670 8670 0
5110 5110 0
7222 7222 0
4402 4402 0
3817 3817 0
6857 6857 0
2732 2732 0
4550 4550 0
4339 4339 0
7513 7513 0
5016 5016 0
26 26 0
9213 9213 0
6112 6112 0
9002 9002 0
6231 6231 0
883 883 0
5738 5738 0
8860 8860 0
7700 7700 0
5990 5990 0
6450 6450 0
7726 7726 0
2489 2489 0
3985 3985 0
6376 6376 0
4829 4829 0
7857 7857 0
2806 2806 0
9012 9012 0
2231 2231 0
658 658 0
3793 3793 0
8497 8497 0
3502 3502 0
44 44 0
5944 5944 0
8808 8808 0
3183 3183 0
1005 1005 0
1448 1448 0
6636 6636 0
9051 9051 0
9109 9109 0
6961 6961 0
8818 8818 0
5077 5077 0
7471 7471 0
5241 5241 0
8200 8200 0
549 549 0
6290 6290 0
2291 2291 0
3656 3656 0
5002 5002 0
4144 4144 0
1888 1888 0
5490 5490 0
4970 4970 0
5461 5461 0
7778 7778 0
6897 6897 0
3075 3075 0
4562 4562 0
564 564 0
8475 8475 0
2252 2252 0
7903 7903 0
4331 4331 0
2877 2877 0
3674 3674 0
2854 2854 0
8267 8267 0
9176 9176 0
1422 1422 0
5051 5051 0
1051 1051 0
1397 1397 0
1584 1584 0
6168 6168 0
7653 7653 0
3019 3019 0
7341 7341 0
7098 7098 0
4701 4701 0
1672 1672 0
5365 5365 0
3880 3880 0
6648 6648 0
3609 3609 0
2782 2782 0
1844 1844 0
6053 6053 0
2166 2166 0
5237 5237 0
2886 2886 0
1043 1043 0
3513 3513 0
4049 4049 0
4520 4520 0
1704 1704 0
8107 8107 0
1486 1486 0
5664 5664 0
4482 4482 0
2337 2337 0
6430 6430 0
455 455 0
7775 7775 0
3857 3857 0
333 333 0
6940 6940 0
8225 8225 0
5413 5413 0
7752 7752 0
1940 1940 0
4234 4234 0
2591 2591 0
6828 6828 0
7994 7994 0
7226 7226 0
1554 1554 0
1156 1156 0
8689 8689 0
5502 5502 0
3085 3085 0
1568 1568 0
980 980 0
3204 3204 0
3331 3331 0
3557 3557 0
3492 3492 0
7937 7937 0
3255 3255 0
1262 1262 0
1803 1803 0
7373 7373 0
367 367 0
4251 4251 0
2132 2132 0
5567 5567 0
1808 1808 0
9185 9185 0
7289 7289 0
3999 3999 0
8653 8653 0
2303 2303 0
908 908 0
6474 6474 0
7030 7030 0
4205 4205 0
6556 6556 0
7325 7325 0
5857 5857 0
3391 3391 0
3760 3760 0
3707 3707 0
8765 8765 0
900 900 0
6619 6619 0
8109 8109 0
608 608 0
4494 4494 0
3670 3670 0
21 21 0
5137 5137 0
7702 7702 0
1334 1334 0
8448 8448 0
7624 7624 0
1129 1129 0
3070 3070 0
306 306 0
7491 7491 0
4685 4685 0
2089 2089 0
7485 7485 0
6253 6253 0
1562 1562 0
7776 7776 0
5971 5971 0
2786 2786 0
972 972 0
8906 8906 0
923 923 0
4914 4914 0
2656 2656 0
9101 9101 0
7164 7164 0
3519 3519 0
1775 1775 0
5641 5641 0
1026 1026 0
1096 1096 0
7380 7380 0
4787 4787 0
3543 3543 0
5308 5308 0
2372 2372 0
1027 1027 0
1172 1172 0
9191 9191 0
8722 8722 0
1833 1833 0
3610 3610 0
3962 3962 0
1838 1838 0
2230 2230 0
5388 5388 0
2467 2467 0
6110 6110 0
8853 8853 0
7583 7583 0
2479 2479 0
4231 4231 0
5144 5144 0
1876 1876 0
3906 3906 0
113 113 0
3758 3758 0
4952 4952 0
8976 8976 0
6119 6119 0
7886 7886 0
4544 4544 0
7905 7905 0
4141 4141 0
3022 3022 0
1768 1768 0
163 163 0
4245 4245 0
2425 2425 0
5297 5297 0
750 750 0
870 870 0
3499 3499 0
7988 7988 0
3018 3018 0
2702 2702 0
3435 3435 0
9131 9131 0
2020 2020 0
6308 6308 0
6684 6684 0
3082 3082 0
4623 4623 0
5288 5288 0
5421 5421 0
6475 6475 0
8468 8468 0
6224 6224 0
2174 2174 0
2083 2083 0
9231 9231 0
4054 4054 0
3481 3481 0
3602 3602 0
2794 2794 0
8467 8467 0
1136 1136 0
22 22 0
4950 4950 0
4410 4410 0
6697 6697 0
1159 1159 0
7165 7165 0
7522 7522 0
7092 7092 0
3718 3718 0
3701 3701 0
7507 7507 0
2406 2406 0
453 453 0
8691 8691 0
1183 1183 0
8743 8743 0
2446 2446 0
2627 2627 0
6785 6785 0
964 964 0
8347 8347 0
6552 6552 0
8999 8999 0
4368 4368 0
5481 5481 0
960 960 0
7913 7913 0
506 506 0
2980 2980 0
4554 4554 0
6382 6382 0
6844 6844 0
1595 1595 0
3672 3672 0
6219 6219 0
6153 6153 0
1852 1852 0
5935 5935 0
5695 5695 0
2931 2931 0
5799 5799 0
2598 2598 0
2558 2558 0
8834 8834 0
7377 7377 0
1265 1265 0
1965 1965 0
7162 7162 0
6922 6922 0
5482 5482 0
1295 1295 0
8369 8369 0
4710 4710 0
4185 4185 0
7019 7019 0
7895 7895 0
115 115 0
5589 5589 0
4306 4306 0
1763 1763 0
3794 3794 0
3613 3613 0
1502 1502 0
6555 6555 0
3608 3608 0
4134 4134 0
1979 1979 0
516 516 0
3580 3580 0
3809 3809 0
5616 5616 0
892 892 0
7438 7438 0
1526 1526 0
1301 1301 0
7883 7883 0
778 778 0
7209 7209 0
1910 1910 0
6820 6820 0
3071 3071 0
6267 6267 0
3855 3855 0
6472 6472 0
5362 5362 0
1198 1198 0
1343 1343 0
96 96 0
1868 1868 0
346 346 0
3184 3184 0
4728 4728 0
2654 2654 0
8874 8874 0
1625 1625 0
3786 3786 0
3422 3422 0
4100 4100 0
4419 4419 0
7159 7159 0
3661 3661 0
5486 5486 0
432 432 0
3353 3353 0
2050 2050 0
8704 8704 0
2985 2985 0
5853 5853 0
7824 7824 0
4525 4525 0
195 195 0
9066 9066 0
7367 7367 0
9155 9155 0
6357 6357 0
3126 3126 0
8564 8564 0
6416 6416 0
3876 3876 0
7831 7831 0
4125 4125 0
3346 3346 0
5525 5525 0
2377 2377 0
1401 1401 0
2430 2430 0
9164 9164 0
1033 1033 0
6178 6178 0
2101 2101 0
3919 3919 0
4711 4711 0
575 575 0
8214 8214 0
3021 3021 0
7967 7967 0
5993 5993 0
4513 4513 0
6831 6831 0
2043 2043 0
6714 6714 0
6371 6371 0
2866 2866 0
9222 9222 0
2072 2072 0
7955 7955 0
707 707 0
1866 1866 0
5488 5488 0
5093 5093 0
2328 2328 0
7178 7178 0
9180 9180 0
3133 3133 0
292 292 0
6737 6737 0
8439 8439 0
4974 4974 0
2940 2940 0
747 747 0
8507 8507 0
1459 1459 0
6495 6495 0
3601 3601 0
1251 1251 0
1093 1093 0
5709 5709 0
3825 3825 0
1415 1415 0
3503 3503 0
4549 4549 0
3072 3072 0
5007 5007 0
8195 8195 0
757 757 0
2919 2919 0
188 188 0
2242 2242 0
3903 3903 0
4114 4114 0
5743 5743 0
6990 6990 0
8626 8626 0
8930 8930 0
2161 2161 0
7772 7772 0
5003 5003 0
53 53 0
7259 7259 0
2475 2475 0
7577 7577 0
7961 7961 0
2288 2288 0
1592 1592 0
3187 3187 0
6041 6041 0
5926 5926 0
8486 8486 0
7530 7530 0
1552 1552 0
6738 6738 0
2526 2526 0
2365 2365 0
6901 6901 0
6240 6240 0
8721 8721 0
8872 8872 0
8672 8672 0
3134 3134 0
3430 3430 0
800 800 0
1077 1077 0
5213 5213 0
4867 4867 0
5753 5753 0
7539 7539 0
4505 4505 0
3436 3436 0
8165 8165 0
6734 6734 0
1078 1078 0
804 804 0
2142 2142 0
7519 7519 0
6744 6744 0
769 769 0
3239 3239 0
5983 5983 0
7361 7361 0
6852 6852 0
3166 3166 0
2676 2676 0
4529 4529 0
8628 8628 0
6630 6630 0
1545 1545 0
4215 4215 0
7163 7163 0
1917 1917 0
5519 5519 0
7647 7647 0
225 225 0
4864 4864 0
7021 7021 0
7119 7119 0
1248 1248 0
9045 9045 0
2457 2457 0
5891 5891 0
5574 5574 0
7663 7663 0
3997 3997 0
184 184 0
2088 2088 0
933 933 0
3643 3643 0
6723 6723 0
1551 1551 0
4103 4103 0
7862 7862 0
5458 5458 0
5666 5666 0
6742 6742 0
5270 5270 0
401 401 0
2967 2967 0
2481 2481 0
9108 9108 0
2056 2056 0
7520 7520 0
2319 2319 0
2878 2878 0
2597 2597 0
7422 7422 0
7183 7183 0
8931 8931 0
5379 5379 0
8128 8128 0
6337 6337 0
1237 1237 0
4127 4127 0
9173 9173 0
2432 2432 0
8809 8809 0
5146 5146 0
1742 1742 0
8627 8627 0
174 174 0
7342 7342 0
5940 5940 0
7495 7495 0
4189 4189 0
1394 1394 0
2898 2898 0
2128 2128 0
4942 4942 0
8255 8255 0
3486 3486 0
3594 3594 0
4679 4679 0
4656 4656 0
4235 4235 0
7129 7129 0
8250 8250 0
5720 5720 0
5686 5686 0
805 805 0
907 907 0
9091 9091 0
4056 4056 0
6837 6837 0
2641 2641 0
1629 1629 0
726 726 0
687 687 0
3526 3526 0
5907 5907 0
7847 7847 0
9217 9217 0
2981 2981 0
2968 2968 0
2155 2155 0
8112 8112 0
2535 2535 0
3737 3737 0
5529 5529 0
9019 9019 0
6563 6563 0
1101 1101 0
8291 8291 0
8367 8367 0
1100 1100 0
4939 4939 0
6880 6880 0
7738 7738 0
6982 6982 0
6565 6565 0
3121 3121 0
8707 8707 0
280 280 0
2510 2510 0
766 766 0
8411 8411 0
6232 6232 0
3951 3951 0
5420 5420 0
7328 7328 0
5550 5550 0
410 410 0
7579 7579 0
2719 2719 0
795 795 0
4880 4880 0
7464 7464 0
5564 5564 0
7036 7036 0
4850 4850 0
7049 7049 0
6146 6146 0
90 90 0
1860 1860 0
3276 3276 0
3545 3545 0
6842 6842 0
7635 7635 0
1040 1040 0
1462 1462 0
7881 7881 0
6926 6926 0
3327 3327 0
1959 1959 0
615 615 0
6455 6455 0
803 803 0
500 500 0
1547 1547 0
8950 8950 0
2754 2754 0
2229 2229 0
4118 4118 0
7873 7873 0
3865 3865 0
1754 1754 0
4491 4491 0
6010 6010 0
858 858 0
3028 3028 0
4819 4819 0
2035 2035 0
3869 3869 0
3741 3741 0
742 742 0
2910 2910 0
5688 5688 0
5182 5182 0
3814 3814 0
2313 2313 0
2518 2518 0
601 601 0
3241 3241 0
7338 7338 0
1538 1538 0
6115 6115 0
4729 4729 0
3344 3344 0
6616 6616 0
6691 6691 0
1326 1326 0
616 616 0
3496 3496 0
4925 4925 0
8057 8057 0
5354 5354 0
5083 5083 0
7576 7576 0
3488 3488 0
1578 1578 0
3929 3929 0
3818 3818 0
1643 1643 0
8151 8151 0
5067 5067 0
449 449 0
7641 7641 0
3037 3037 0
2340 2340 0
8711 8711 0
8104 8104 0
2644 2644 0
4128 4128 0
604 604 0
4000 4000 0
9021 9021 0
2042 2042 0
9067 9067 0
6969 6969 0
5573 5573 0
1494 1494 0
1607 1607 0
2093 2093 0
3565 3565 0
2841 2841 0
3611 3611 0
7972 7972 0
2078 2078 0
4765 4765 0
7069 7069 0
4032 4032 0
7327 7327 0
7474 7474 0
8947 8947 0
4624 4624 0
1721 1721 0
7694 7694 0
9181 9181 0
8373 8373 0
8748 8748 0
5630 5630 0
6639 6639 0
7274 7274 0
8992 8992 0
7266 7266 0
1015 1015 0
8310 8310 0
1980 1980 0
749 749 0
2183 2183 0
6891 6891 0
6199 6199 0
1483 1483 0
3649 3649 0
1311 1311 0
8316 8316 0
7892 7892 0
561 561 0
8843 8843 0
3866 3866 0
5395 5395 0
7042 7042 0
4885 4885 0
4157 4157 0
4432 4432 0
3450 3450 0
3956 3956 0
5286 5286 0
5571 5571 0
6351 6351 0
2749 2749 0
5781 5781 0
583 583 0
1746 1746 0
1105 1105 0
196 196 0
7132 7132 0
6889 6889 0
8887 8887 0
8487 8487 0
1179 1179 0
2575 2575 0
1039 1039 0
7253 7253 0
4395 4395 0
8913 8913 0
4852 4852 0
2795 2795 0
1305 1305 0
6291 6291 0
1798 1798 0
4725 4725 0
1083 1083 0
1398 1398 0
4580 4580 0
3740 3740 0
5994 5994 0
5400 5400 0
5881 5881 0
4031 4031 0
8334 8334 0
3775 3775 0
3975 3975 0
1153 1153 0
7599 7599 0
4025 4025 0
3994 3994 0
1414 1414 0
3114 3114 0
1478 1478 0
2799 2799 0
6405 6405 0
3894 3894 0
4734 4734 0
7052 7052 0
426 426 0
2863 2863 0
1364 1364 0
5735 5735 0
2629 2629 0
1137 1137 0
3231 3231 0
8307 8307 0
8807 8807 0
6947 6947 0
4357 4357 0
7144 7144 0
2085 2085 0
4024 4024 0
9065 9065 0
661 661 0
6612 6612 0
8864 8864 0
8494 8494 0
4511 4511 0
2902 2902 0
6908 6908 0
3377 3377 0
3243 3243 0
2458 2458 0
8560 8560 0
6427 6427 0
5610 5610 0
6989 6989 0
8473 8473 0
3969 3969 0
1090 1090 0
3364 3364 0
935 935 0
5383 5383 0
920 920 0
6664 6664 0
8542 8542 0
1662 1662 0
9119 9119 0
1151 1151 0
3589 3589 0
145 145 0
4267 4267 0
8854 8854 0
9018 9018 0
4 4 0
8405 8405 0
338 338 0
2468 2468 0
5257 5257 0
2189 2189 0
8458 8458 0
5712 5712 0
6521 6521 0
8636 8636 0
8829 8829 0
5099 5099 0
905 905 0
6772 6772 0
7885 7885 0
6730 6730 0
4301 4301 0
350 350 0
6763 6763 0
554 554 0
5460 5460 0
8222 8222 0
8578 8578 0
490 490 0
2653 2653 0
148 148 0
7256 7256 0
314 314 0
6954 6954 0
3325 3325 0
5627 5627 0
6163 6163 0
3749 3749 0
4738 4738 0
4300 4300 0
5789 5789 0
5256 5256 0
3200 3200 0
8568 8568 0
5215 5215 0
58 58 0
221 221 0
851 851 0
150 150 0
2934 2934 0
1465 1465 0
7537 7537 0
3485 3485 0
2424 2424 0
3834 3834 0
556 556 0
7923 7923 0
2888 2888 0
4874 4874 0
4504 4504 0
3579 3579 0
6368 6368 0
5653 5653 0
8478 8478 0
1813 1813 0
6846 6846 0
8788 8788 0
1767 1767 0
8485 8485 0
4661 4661 0
520 520 0
1380 1380 0
6203 6203 0
9059 9059 0
5049 5049 0
8397 8397 0
7202 7202 0
8592 8592 0
823 823 0
1680 1680 0
953 953 0
1817 1817 0
1504 1504 0
7865 7865 0
3044 3044 0
1194 1194 0
2695 2695 0
8877 8877 0
8879 8879 0
1914 1914 0
6638 6638 0
1233 1233 0
408 408 0
7231 7231 0
2550 2550 0
7353 7353 0
2689 2689 0
1201 1201 0
7626 7626 0
7076 7076 0
4823 4823 0
4060 4060 0
4566 4566 0
8191 8191 0
5469 5469 0
3928 3928 0
2815 2815 0
3498 3498 0
7943 7943 0
2308 2308 0
3535 3535 0
2019 2019 0
5174 5174 0
2057 2057 0
776 776 0
8989 8989 0
7797 7797 0
2012 2012 0
1750 1750 0
1730 1730 0
594 594 0
5393 5393 0
6194 6194 0
2503 2503 0
2872 2872 0
8043 8043 0
5417 5417 0
1556 1556 0
128 128 0
198 198 0
7316 7316 0
6486 6486 0
682 682 0
8477 8477 0
6332 6332 0
1883 1883 0
10 10 0
4454 4454 0
4039 4039 0
1709 1709 0
1234 1234 0
8677 8677 0
6101 6101 0
4313 4313 0
9014 9014 0
8406 8406 0
2021 2021 0
8293 8293 0
7998 7998 0
5004 5004 0
1708 1708 0
9150 9150 0
218 218 0
1216 1216 0
8980 8980 0
5212 5212 0
1896 1896 0
7396 7396 0
4674 4674 0
3246 3246 0
124 124 0
8846 8846 0
4783 4783 0
2393 2393 0
3306 3306 0
1895 1895 0
4480 4480 0
678 678 0
1002 1002 0
6429 6429 0
5341 5341 0
1111 1111 0
3221 3221 0
6478 6478 0
8656 8656 0
6000 6000 0
4192 4192 0
8230 8230 0
8814 8814 0
2030 2030 0
8832 8832 0
2180 2180 0
3771 3771 0
6395 6395 0
1564 1564 0
5255 5255 0
3397 3397 0
5247 5247 0
1207 1207 0
7958 7958 0
8389 8389 0
5526 5526 0
91 91 0
722 722 0
9083 9083 0
3363 3363 0
1870 1870 0
6539 6539 0
5792 5792 0
8356 8356 0
8828 8828 0
5740 5740 0
3443 3443 0
7701 7701 0
2619 2619 0
8167 8167 0
244 244 0
1810 1810 0
4740 4740 0
5279 5279 0
7525 7525 0
7374 7374 0
164 164 0
8490 8490 0
7596 7596 0
2708 2708 0
3119 3119 0
7059 7059 0
2305 2305 0
7394 7394 0
7575 7575 0
4415 4415 0
4686 4686 0
5783 5783 0
6823 6823 0
6202 6202 0
2330 2330 0
712 712 0
4272 4272 0
878 878 0
3206 3206 0
7090 7090 0
7844 7844 0
3497 3497 0
3182 3182 0
5426 5426 0
9120 9120 0
133 133 0
6323 6323 0
3047 3047 0
275 275 0
4188 4188 0
1880 1880 0
3898 3898 0
486 486 0
539 539 0
9094 9094 0
8463 8463 0
8994 8994 0
6354 6354 0
1936 1936 0
3280 3280 0
6423 6423 0
2055 2055 0
6275 6275 0
7138 7138 0
5618 5618 0
6288 6288 0
3456 3456 0
2745 2745 0
3301 3301 0
790 790 0
6600 6600 0
472 472 0
8889 8889 0
775 775 0
6356 6356 0
8164 8164 0
5320 5320 0
1255 1255 0
143 143 0
3974 3974 0
8016 8016 0
4362 4362 0
950 950 0
6045 6045 0
6057 6057 0
1352 1352 0
6559 6559 0
656 656 0
1392 1392 0
6835 6835 0
3538 3538 0
351 351 0
2824 2824 0
1052 1052 0
140 140 0
3878 3878 0
5001 5001 0
8862 8862 0
6342 6342 0
1777 1777 0
643 643 0
1836 1836 0
1670 1670 0
7628 7628 0
311 311 0
6998 6998 0
2482 2482 0
5008 5008 0
8249 8249 0
6068 6068 0
6139 6139 0
5450 5450 0
344 344 0
8881 8881 0
7751 7751 0
5342 5342 0
6399 6399 0
2350 2350 0
1123 1123 0
1633 1633 0
2812 2812 0
9029 9029 0
6149 6149 0
4616 4616 0
5893 5893 0
5296 5296 0
2478 2478 0
1260 1260 0
7476 7476 0
3023 3023 0
806 806 0
2240 2240 0
8991 8991 0
5748 5748 0
1046 1046 0
6824 6824 0
2974 2974 0
8875 8875 0
593 593 0
8772 8772 0
5031 5031 0
3299 3299 0
1464 1464 0
1221 1221 0
1350 1350 0
199 199 0
7195 7195 0
52 52 0
4964 4964 0
8432 8432 0
3190 3190 0
3352 3352 0
3484 3484 0
6766 6766 0
838 838 0
6295 6295 0
6263 6263 0
395 395 0
5843 5843 0
3210 3210 0
4021 4021 0
7425 7425 0
2381 2381 0
5772 5772 0
281 281 0
8086 8086 0
4077 4077 0
5888 5888 0
1477 1477 0
3960 3960 0
8037 8037 0
1989 1989 0
1597 1597 0
6923 6923 0
676 676 0
8706 8706 0
205 205 0
7584 7584 0
7736 7736 0
5591 5591 0
5364 5364 0
4774 4774 0
2796 2796 0
8642 8642 0
2703 2703 0
650 650 0
4104 4104 0
4130 4130 0
1635 1635 0
6167 6167 0
5872 5872 0
496 496 0
6582 6582 0
3462 3462 0
4082 4082 0
5246 5246 0
6047 6047 0
3664 3664 0
2077 2077 0
9063 9063 0
3224 3224 0
8044 8044 0
76 76 0
5742 5742 0
38 38 0
9118 9118 0
919 919 0
1788 1788 0
662 662 0
8604 8604 0
4295 4295 0
5203 5203 0
8792 8792 0
1020 1020 0
1094 1094 0
4825 4825 0
6345 6345 0
8114 8114 0
8773 8773 0
7884 7884 0
71 71 0
1106 1106 0
7305 7305 0
6987 6987 0
3620 3620 0
1722 1722 0
585 585 0
3148 3148 0
7275 7275 0
8393 8393 0
139 139 0
6439 6439 0
8738 8738 0
6915 6915 0
9205 9205 0
6393 6393 0
4057 4057 0
6028 6028 0
4872 4872 0
7136 7136 0
2769 2769 0
6118 6118 0
7117 7117 0
8525 8525 0
5346 5346 0
4993 4993 0
3335 3335 0
6832 6832 0
4797 4797 0
6489 6489 0
8284 8284 0
577 577 0
1362 1362 0
268 268 0
1057 1057 0
2728 2728 0
5979 5979 0
8662 8662 0
8298 8298 0
6884 6884 0
4059 4059 0
3723 3723 0
1890 1890 0
8141 8141 0
7295 7295 0
7297 7297 0
2002 2002 0
2448 2448 0
6282 6282 0
4340 4340 0
326 326 0
4858 4858 0
2523 2523 0
1956 1956 0
5299 5299 0
6662 6662 0
5165 5165 0
2722 2722 0
8977 8977 0
3868 3868 0
392 392 0
3530 3530 0
5829 5829 0
7675 7675 0
1702 1702 0
2900 2900 0
5916 5916 0
4302 4302 0
733 733 0
8917 8917 0
5423 5423 0
548 548 0
8508 8508 0
1591 1591 0
5558 5558 0
8264 8264 0
1124 1124 0
8510 8510 0
3257 3257 0
5311 5311 0
8211 8211 0
369 369 0
3891 3891 0
5952 5952 0
784 784 0
5108 5108 0
2720 2720 0
243 243 0
4409 4409 0
2572 2572 0
4318 4318 0
7404 7404 0
1338 1338 0
8288 8288 0
8882 8882 0
7565 7565 0
360 360 0
7230 7230 0
8194 8194 0
6514 6514 0
387 387 0
6838 6838 0
8480 8480 0
6025 6025 0
5835 5835 0
3374 3374 0
7450 7450 0
6383 6383 0
231 231 0
2228 2228 0
1010 1010 0
8878 8878 0
2698 2698 0
8277 8277 0
5549 5549 0
8492 8492 0
2748 2748 0
3215 3215 0
8668 8668 0
3177 3177 0
69 69 0
5949 5949 0
8613 8613 0
9007 9007 0
5188 5188 0
6442 6442 0
1778 1778 0
3983 3983 0
7442 7442 0
5271 5271 0
211 211 0
2832 2832 0
4132 4132 0
2804 2804 0
4216 4216 0
9146 9146 0
6058 6058 0
7011 7011 0
5595 5595 0
2616 2616 0
1889 1889 0
312 312 0
2555 2555 0
2648 2648 0
523 523 0
5760 5760 0
7852 7852 0
9206 9206 0
4757 4757 0
4380 4380 0
4687 4687 0
1330 1330 0
8442 8442 0
898 898 0
6526 6526 0
297 297 0
4692 4692 0
1205 1205 0
6131 6131 0
8565 8565 0
7073 7073 0
349 349 0
7156 7156 0
6017 6017 0
2271 2271 0
7666 7666 0
7018 7018 0
8784 8784 0
3846 3846 0
4614 4614 0
3216 3216 0
2760 2760 0
1913 1913 0
2120 2120 0
8155 8155 0
4413 4413 0
6218 6218 0
2335 2335 0
9072 9072 0
7586 7586 0
1011 1011 0
8621 8621 0
8204 8204 0
1516 1516 0
6480 6480 0
5655 5655 0
4320 4320 0
4248 4248 0
999 999 0
2428 2428 0
1277 1277 0
2117 2117 0
8895 8895 0
1787 1787 0
2331 2331 0
8380 8380 0
7915 7915 0
3968 3968 0
7480 7480 0
2150 2150 0
6687 6687 0
8956 8956 0
4209 4209 0
5065 5065 0
8318 8318 0
7270 7270 0
6424 6424 0
8223 8223 0
4776 4776 0
1331 1331 0
8483 8483 0
4733 4733 0
7856 7856 0
5897 5897 0
420 420 0
8898 8898 0
4087 4087 0
6283 6283 0
2927 2927 0
4485 4485 0
558 558 0
8392 8392 0
370 370 0
2552 2552 0
7729 7729 0
4431 4431 0
8017 8017 0
6519 6519 0
2965 2965 0
377 377 0
1227 1227 0
4006 4006 0
6747 6747 0
7951 7951 0
3712 3712 0
3388 3388 0
194 194 0
4846 4846 0
3691 3691 0
6707 6707 0
4863 4863 0
3509 3509 0
3776 3776 0
5974 5974 0
4565 4565 0
8058 8058 0
7260 7260 0
7996 7996 0
7407 7407 0
2494 2494 0
928 928 0
4509 4509 0
7662 7662 0
5442 5442 0
3819 3819 0
6015 6015 0
994 994 0
3169 3169 0
9223 9223 0
3314 3314 0
7779 7779 0
4477 4477 0
6320 6320 0
1463 1463 0
6477 6477 0
5295 5295 0
5887 5887 0
9127 9127 0
1984 1984 0
559 559 0
3341 3341 0
4259 4259 0
5805 5805 0
4721 4721 0
5452 5452 0
2734 2734 0
5274 5274 0
7879 7879 0
7569 7569 0
8098 8098 0
7358 7358 0
1407 1407 0
2233 2233 0
3429 3429 0
610 610 0
948 948 0
2954 2954 0
2140 2140 0
6512 6512 0
8789 8789 0
4116 4116 0
4868 4868 0
6329 6329 0
2817 2817 0
702 702 0
8927 8927 0
5517 5517 0
1862 1862 0
8629 8629 0
552 552 0
3791 3791 0
4344 4344 0
6188 6188 0
3413 3413 0
5006 5006 0
1250 1250 0
5331 5331 0
5927 5927 0
4771 4771 0
2660 2660 0
2407 2407 0
8278 8278 0
3711 3711 0
7411 7411 0
4277 4277 0
987 987 0
2206 2206 0
8197 8197 0
39 39 0
7792 7792 0
1685 1685 0
2894 2894 0
6504 6504 0
1543 1543 0
7041 7041 0
3585 3585 0
780 780 0
3957 3957 0
2692 2692 0
6254 6254 0
8957 8957 0
8861 8861 0
1734 1734 0
3266 3266 0
322 322 0
1974 1974 0
177 177 0
5662 5662 0
5333 5333 0
7901 7901 0
2006 2006 0
7761 7761 0
5559 5559 0
3211 3211 0
8963 8963 0
1770 1770 0
1109 1109 0
8493 8493 0
6280 6280 0
3987 3987 0
5825 5825 0
7252 7252 0
2410 2410 0
315 315 0
1489 1489 0
8926 8926 0
5797 5797 0
6381 6381 0
1239 1239 0
5643 5643 0
5672 5672 0
6415 6415 0
8998 8998 0
6795 6795 0
3054 3054 0
2562 2562 0
7615 7615 0
4744 4744 0
5669 5669 0
3416 3416 0
7503 7503 0
8459 8459 0
5361 5361 0
9136 9136 0
4650 4650 0
7037 7037 0
2497 2497 0
3478 3478 0
7236 7236 0
3954 3954 0
6960 6960 0
2460 2460 0
6311 6311 0
380 380 0
5339 5339 0
1848 1848 0
3932 3932 0
5094 5094 0
3623 3623 0
785 785 0
1036 1036 0
8021 8021 0
698 698 0
628 628 0
4712 4712 0
4170 4170 0
4333 4333 0
7661 7661 0
130 130 0
3080 3080 0
536 536 0
7827 7827 0
7969 7969 0
6760 6760 0
1025 1025 0
6298 6298 0
3007 3007 0
3265 3265 0
1339 1339 0
1774 1774 0
2899 2899 0
1703 1703 0
441 441 0
8088 8088 0
544 544 0
7079 7079 0
8601 8601 0
1155 1155 0
3256 3256 0
5815 5815 0
1899 1899 0
9032 9032 0
6004 6004 0
7810 7810 0
8630 8630 0
8183 8183 0
6390 6390 0
8224 8224 0
6187 6187 0
4807 4807 0
4926 4926 0
2031 2031 0
7980 7980 0
7509 7509 0
3990 3990 0
4543 4543 0
6340 6340 0
261 261 0
2058 2058 0
5263 5263 0
138 138 0
1570 1570 0
1999 1999 0
7935 7935 0
1174 1174 0
389 389 0
8771 8771 0
6459 6459 0
4013 4013 0
4577 4577 0
8007 8007 0
2853 2853 0
304 304 0
6135 6135 0
6540 6540 0
7104 7104 0
7709 7709 0
5790 5790 0
5266 5266 0
7927 7927 0
4098 4098 0
7329 7329 0
8103 8103 0
7110 7110 0
7284 7284 0
3412 3412 0
5586 5586 0
3112 3112 0
8886 8886 0
1541 1541 0
4779 4779 0
7235 7235 0
6052 6052 0
3000 3000 0
