#branch_name branch_num bus_from bus_to r(pu)       x(pu)
1 1 7351 5441 0.00018 0.000781
2 2 4314 7571 0.002961 0.01669
3 3 5803 3916 0.00056 0.00432
4 4 6757 6036 0.0002 0.00246
5 5 6757 6921 0.0003 0.00377
6 6 5019 9112 0.00014 0.00057
7 7 2930 9112 0.00013 0.000729
8 8 1436 9112 0.00012 0.000581
9 9 1851 9112 0.00011 0.00064
10 10 8331 9112 0.00019 0.00056
11 11 6220 8791 0.00062 0.004909
12 12 9203 7842 7e-05 0.00076
13 13 9203 8997 0.00066 0.00622
14 14 9203 2129 0.00054 0.00752
15 15 9203 29 0.00105 0.00877
16 16 118 8903 8e-05 0.00091
17 17 118 4598 0.00056 0.00719
18 18 2426 5533 0.000531 0.002039
19 19 2426 4831 0.008659 0.03769
20 20 2426 8961 0.003849 0.021099
21 21 2426 8522 0.00688 0.035969
22 22 2426 6888 0.006729 0.03713
23 23 2426 3401 0.00111 0.006651
24 24 2426 641 0.0023 0.008909
25 25 2426 2600 0.000841 0.00313
26 26 2426 5351 0.003521 0.017479
27 27 3051 718 3.9e-05 0.00025
28 28 3036 2327 0.000159 0.000729
29 29 8651 7473 0.005281 0.032099
30 30 8651 7473 0.005651 0.029419
31 31 903 3654 0.000271 0.00036
32 32 8732 7050 0.00044 0.00143
33 33 8732 3912 0.000159 0.00074
34 34 2273 1973 0.00019 0.000591
35 35 5131 2928 0.00019 0.00087
36 36 6629 4918 0.002591 0.013659
37 37 6629 7309 0.00305 0.01168
38 38 413 1102 0.000159 0.000599
39 39 413 1102 0.000159 0.00062
40 40 3248 4918 0.00101 0.004229
41 41 3248 4281 0.00319 0.018651
42 42 3248 7309 0.000729 0.00337
43 43 1146 1187 0.002961 0.012831
44 44 1146 7945 0.000591 0.00339
45 45 8900 2421 0.00024 0.001219
46 46 6071 2972 0.006219 0.036341
47 47 6071 6031 0.001841 0.01193
48 48 3293 7264 0.001409 0.01113
49 49 3293 283 0.00151 0.00768
50 50 3293 3069 0.00599 0.03313
51 51 3293 3390 0.001771 0.010151
52 52 4689 4936 0.00074 0.00311
53 53 4689 4936 0.000729 0.003159
54 54 3218 7809 0.005271 0.01906
55 55 3218 5455 0.00906 0.053151
56 56 3218 1857 0.00405 0.0153
57 57 6806 5410 0.00055 0.003961
58 58 6806 5410 0.00055 0.003729
59 59 6806 1609 0.00107 0.007789
60 60 6806 1609 0.00112 0.00775
61 61 6806 1609 0.001031 0.00775
62 62 6806 2438 0.00062 0.003219
63 63 6806 954 0.00068 0.002659
64 64 9140 502 0.00193 0.012479
65 65 9140 3013 0.001159 0.007229
66 66 9140 2949 0.00137 0.008729
67 67 9140 2949 0.001401 0.00855
68 68 9140 2949 0.001331 0.008521
69 69 7070 2208 0.00031 0.00081
70 70 7070 8060 0.000341 0.00119
71 71 7070 4484 0.00031 0.001281
72 72 7070 4239 0.00094 0.0035
73 73 8535 7047 7e-05 0.000651
74 74 5477 3657 0.00019 0.00124
75 75 5477 2928 0.000331 0.002539
76 76 3145 2918 0.0016 0.02113
77 77 7770 5317 0.000909 0.004711
78 78 7770 5317 0.00088 0.004969
79 79 3 8676 0.001841 0.0088
80 80 3 8189 0.01013 0.04238
81 81 7267 2938 0.00059 0.00802
82 82 7267 2938 0.00054 0.0079
83 83 7267 3918 0.00171 0.02128
84 84 7267 3918 0.00174 0.02084
85 85 7267 6581 0.00086 0.01433
86 86 7267 6581 0.00087 0.01404
87 87 7267 3830 0.00126 0.01447
88 88 7267 5648 0.00122 0.01509
89 89 7267 5648 0.00154 0.019
90 90 4918 4907 0.00474 0.03564
91 91 4918 5957 0.006 0.047849
92 92 4918 5233 0.008039 0.03375
93 93 6854 7309 2.1e-05 0.000211
94 94 8311 3680 0.00045 0.002341
95 95 2770 8804 0.000669 0.004281
96 96 9241 8804 0.00068 0.00419
97 97 3083 7124 0.000729 0.00431
98 98 3083 7124 0.000591 0.004651
99 99 3083 8873 0.00099 0.005081
100 100 1566 7582 0.00212 0.013031
101 101 1566 3541 0.002159 0.01275
102 102 8683 3698 0.00025 0.00095
103 103 8683 3698 0.000271 0.00089
104 104 8683 2801 0.001961 0.012409
105 105 8683 8328 0.00044 0.00207
106 106 8683 8511 0.000469 0.00143
107 107 8683 6570 0.001271 0.01406
108 108 8683 6570 0.00124 0.013021
109 109 8683 8975 0.000409 0.00239
110 110 8683 216 0.00094 0.005
111 111 8683 2961 0.000219 0.0007
112 112 8683 6773 6e-05 0.00025
113 113 8683 5278 5e-05 0.000229
114 114 3768 2751 0.00019 0.000909
115 115 2276 5546 0.001711 0.00782
116 116 2276 6816 0.002651 0.01176
117 117 7766 444 0.001409 0.010599
118 118 7766 5334 0.001419 0.010219
119 119 839 3918 0.00013 0.00212
120 120 839 809 0.00026 0.00313
121 121 4506 2286 0.0047 0.0318
122 122 4506 6802 0.00136 0.00768
123 123 4506 3520 0.005669 0.027789
124 124 7273 6271 0.004409 0.033091
125 125 7273 1435 0.01056 0.044469
126 126 7273 7148 0.01963 0.07736
127 127 7273 7437 0.01157 0.04694
128 128 6104 871 0.000479 0.00255
129 129 7580 871 0.000469 0.00236
130 130 1188 1539 0.01237 0.067039
131 131 1188 8515 0.0132 0.056229
132 132 3971 4084 0.00026 0.001711
133 133 3971 4084 0.000271 0.001669
134 134 6845 5340 0.000211 0.000401
135 135 8294 5814 0.00105 0.005159
136 136 7115 6807 0.00212 0.00931
137 137 619 6791 0.000151 0.00068
138 138 5418 4908 0.00019 0.00082
139 139 5120 6816 0.003219 0.01405
140 140 6692 9158 0.007271 0.033159
141 141 6692 8035 0.006659 0.03132
142 142 3445 2848 0.00057 0.00668
143 143 3445 7056 0.00057 0.00758
144 144 3445 7056 0.00039 0.00607
145 145 3445 1642 0.00155 0.0179
146 146 3445 4594 0.00036 0.00485
147 147 6114 1692 0.000581 0.004229
148 148 6114 8190 0.00056 0.00431
149 149 6114 5836 0.003099 0.020531
150 150 6114 3191 0.00118 0.016919
151 151 6114 5300 0.00188 0.01407
152 152 6114 4889 0.00545 0.04082
153 153 7264 444 0.00214 0.01639
154 154 7264 4747 0.002479 0.01549
155 155 7982 9011 0.000159 0.001229
156 156 7982 6675 0.00026 0.00162
157 157 7982 6909 0.000159 0.00113
158 158 7982 8835 0.000461 0.003219
159 159 7982 4186 0.000159 0.001229
160 160 1604 502 0.000229 0.00139
161 161 2842 502 0.0002 0.00156
162 162 1354 513 0.00145 0.00824
163 163 1354 502 0.00069 0.005
164 164 891 3697 0.00036 0.00455
165 165 891 3697 0.00036 0.00453
166 166 8312 7541 0.00066 0.00997
167 167 8312 7541 0.00064 0.01016
168 168 6306 4826 9.9e-05 0.00044
169 169 4826 4418 6e-05 0.000469
170 170 4826 1605 3.9e-05 0.000341
171 171 4826 6952 0.002531 0.01943
172 172 4826 7124 0.00945 0.06418
173 173 9128 217 0.000591 0.002831
174 174 7014 217 0.00087 0.00387
175 175 720 5350 0.0015 0.01785
176 176 720 5350 0.00147 0.0182
177 177 1711 639 0.00151 0.0113
178 178 1711 639 0.001479 0.011521
179 179 1711 9130 0.00174 0.010341
180 180 1711 9130 0.001659 0.01206
181 181 8209 1998 0.00069 0.000479
182 182 8209 7974 0.00044 0.00139
183 183 1035 8180 0.002039 0.01601
184 184 1035 7466 0.01349 0.05662
185 185 1035 305 0.00082 0.00438
186 186 1035 305 0.0008 0.004461
187 187 1035 5106 0.001091 0.00888
188 188 1035 5106 0.00111 0.007039
189 189 2527 8466 0.000849 0.00537
190 190 8669 8893 0.00061 0.00275
191 191 6206 7691 0.00141 0.0188
192 192 6206 6624 0.00121 0.01427
193 193 3240 8158 0.001711 0.007159
194 194 3240 8795 0.00545 0.02381
195 195 3240 4143 0.000771 0.004331
196 196 3240 2797 0.00414 0.03282
197 197 3240 6331 0.00264 0.011521
198 198 3240 6384 0.00261 0.011
199 199 3240 7523 0.00239 0.00919
200 200 3240 2889 0.000539 0.00226
201 201 3240 6887 0.00325 0.017979
202 202 1249 4541 0.00076 0.0071
203 203 819 7523 0.000651 0.00343
204 204 2304 4353 0.001219 0.00812
205 205 2304 4816 0.00243 0.01439
206 206 9174 6246 0.0006 0.00839
207 207 9174 6246 0.00059 0.00856
208 208 9174 5658 0.00087 0.01328
209 209 9174 5658 0.00073 0.01595
210 210 2924 3645 0.00163 0.002039
211 211 2924 3645 0.001659 0.002
212 212 59 5764 0.00339 0.019669
213 213 59 2360 0.00239 0.017281
214 214 6510 9033 0.00032 0.00112
215 215 6510 5918 0.0018 0.01401
216 216 6510 5918 0.00212 0.012469
217 217 1275 2850 0.00063 0.00411
218 218 6426 4110 0.009729 0.03505
219 219 6426 3558 0.01007 0.03056
220 220 1758 2816 0.00042 0.00623
221 221 1758 352 0.00036 0.00722
222 222 1758 6581 0.00053 0.0078
223 223 1758 1923 0.00109 0.0173
224 224 1758 5837 0.00071 0.01144
225 225 1758 3830 0.00157 0.01884
226 226 1758 3577 0.00032 0.00384
227 227 8030 1794 0.00041 0.00649
228 228 8030 7808 0.0004 0.00658
229 229 8030 6581 0.00054 0.00763
230 230 8030 1923 0.00107 0.01602
231 231 8030 5837 0.0007 0.01165
232 232 8030 5648 0.0016 0.01844
233 233 8030 3577 0.00032 0.00376
234 234 4615 171 0.00212 0.01207
235 235 3137 2341 5e-05 0.00037
236 236 6271 8787 0.00355 0.024651
237 237 6252 9137 0.00675 0.04145
238 238 5533 7133 0.00195 0.014341
239 239 8361 4355 0.00018 0.00043
240 240 8361 2928 0.00037 0.000969
241 241 609 1341 0.00257 0.017169
242 242 609 5419 0.00076 0.00399
243 243 609 5419 0.00075 0.00406
244 244 609 2079 0.003901 0.023961
245 245 609 772 0.00249 0.019211
246 246 3654 2928 0.00025 0.001159
247 247 1355 7282 0.00195 0.02924
248 248 1355 2197 0.00152 0.01527
249 249 1355 7640 0.00149 0.01558
250 250 1355 1081 0.00253 0.0276
251 251 1355 1081 0.00263 0.02648
252 252 1355 2359 0.00077 0.0092
253 253 1355 4196 0.00112 0.01705
254 254 5856 8546 0.00226 0.01101
255 255 5856 5987 0.004531 0.029039
256 256 5856 8005 0.002081 0.030409
257 257 5856 3925 0.0053 0.03257
258 258 5856 3324 0.00513 0.041901
259 259 5856 4748 0.001461 0.01056
260 260 8265 4816 0.0005 0.002591
261 261 6151 6313 0.00055 0.0033
262 262 4005 6532 0.002289 0.01763
263 263 4005 2177 0.0075 0.043531
264 264 5723 2079 0.00138 0.019961
265 265 5723 789 0.00126 0.018729
266 266 2327 9189 0.00038 0.001331
267 267 2327 3400 0.00019 0.001461
268 268 207 4747 0.002151 0.013401
269 269 207 7791 0.000789 0.005669
270 270 3205 6735 3e-05 0.00042
271 271 3205 666 0.00079 0.00899
272 272 3205 666 0.0008 0.00879
273 273 3205 4435 0.00334 0.03393
274 274 3205 1644 0.00063 0.00789
275 275 3205 3483 0.0006 0.00842
276 276 4683 7989 0.00011 0.00125
277 277 4683 6516 0.00012 0.001091
278 278 4683 7697 9.9e-05 0.00125
279 279 4683 416 0.00294 0.02443
280 280 4683 2847 0.00144 0.011151
281 281 4683 2563 0.001831 0.010849
282 282 4683 2563 0.001599 0.01055
283 283 4683 2995 0.00144 0.019591
284 284 5691 1001 0.0133 0.09551
285 285 5691 4426 0.009591 0.073961
286 286 5350 2721 0.0007 0.00671
287 287 5350 2721 0.00072 0.00658
288 288 2361 4936 0.001901 0.00964
289 289 2361 5179 0.001711 0.01189
290 290 2044 4748 0.00025 0.00187
291 291 4197 5522 0.00043 0.002211
292 292 5699 8670 0.000401 0.00243
293 293 7809 5110 0.00336 0.017
294 294 7222 4816 0.005521 0.031031
295 295 4402 3817 9.9e-05 0.00026
296 296 6857 2732 0.00045 0.00718
297 297 6857 4550 0.00044 0.00665
298 298 6857 4339 0.00103 0.01516
299 299 6857 7513 0.00101 0.01546
300 300 5016 26 0.00045 0.00608
301 301 5016 9213 0.0004 0.00501
302 302 6112 9002 0.001729 0.01337
303 303 6112 6231 0.00264 0.01489
304 304 6112 883 0.002341 0.018961
305 305 6112 5738 0.001841 0.01363
306 306 8860 7700 0.001219 0.00949
307 307 8860 9002 0.002271 0.01151
308 308 8860 5990 0.010781 0.05775
309 309 8860 6450 0.00251 0.013919
310 310 8860 7726 0.00101 0.007331
311 311 2489 4110 0.00061 0.003909
312 312 3985 6376 0.004289 0.019331
313 313 3985 4110 0.0008 0.004401
314 314 3985 4829 0.008099 0.03519
315 315 3985 7857 0.00063 0.004591
316 316 2806 7857 0.000651 0.00456
317 317 2489 9012 0.00114 0.00581
318 318 2489 2231 0.001211 0.00538
319 319 658 3793 0.00418 0.030159
320 320 658 8497 0.00324 0.02413
321 321 658 8497 0.003169 0.024591
322 322 3502 9002 0.000219 0.00088
323 323 3502 9002 0.000289 0.00095
324 324 6313 44 0.0035 0.022211
325 325 6313 7582 0.00313 0.02256
326 326 5944 8808 0.000831 0.00162
327 327 3183 8515 0.002099 0.01068
328 328 1005 8515 0.00224 0.00976
329 329 8787 1448 0.00169 0.01231
330 330 6636 9051 0.00011 0.00076
331 331 9109 9051 0.00011 0.00068
332 332 6961 6376 0.005479 0.021909
333 333 6961 8818 0.003331 0.017039
334 334 5077 4353 0.000479 0.001271
335 335 7471 5241 0.00109 0.01629
336 336 7471 8200 4e-05 0.00063
337 337 549 6290 0.0053 0.024531
338 338 549 2291 0.004659 0.021919
339 339 549 3656 0.001659 0.01043
340 340 5002 4144 0.006961 0.053539
341 341 1888 5441 0.00036 0.00288
342 342 1888 5441 0.00038 0.003
343 343 5490 4970 0.00048 0.00643
344 344 5490 4970 0.00051 0.0066
345 345 5490 4970 0.00046 0.00729
346 346 5490 5461 0.0006 0.00868
347 347 5490 7778 0.00068 0.01076
348 348 5490 6897 0.00066 0.01096
349 349 3075 4562 0.00101 0.005099
350 350 564 8475 0.003901 0.02437
351 351 564 2252 0.00276 0.016461
352 352 564 7903 0.00588 0.047081
353 353 4331 1857 3.9e-05 0.000219
354 354 2877 3674 0.00131 0.00538
355 355 2854 1081 0.00679 0.04679
356 356 2854 8267 0.00138 0.01466
357 357 9112 9176 0.003531 0.01724
358 358 9112 1422 0.01324 0.06936
359 359 9112 8515 0.00363 0.01743
360 360 9112 8515 0.00257 0.01662
361 361 9112 5051 0.01399 0.056289
362 362 9112 1051 0.00343 0.01751
363 363 9112 1397 0.00301 0.015409
364 364 9112 1584 0.00857 0.033091
365 365 6168 6888 0.003341 0.01689
366 366 7653 3019 3.9e-05 0.000219
367 367 7341 7098 0.00087 0.00714
368 368 4701 8267 0.00011 0.001
369 369 1672 5365 0.000219 0.00101
370 370 3880 5365 0.000219 0.001031
371 371 6648 5365 0.000271 0.00101
372 372 3609 5365 0.000271 0.000979
373 373 2782 5365 0.000289 0.00107
374 374 1844 5365 0.000289 0.00105
375 375 4353 6053 0.001591 0.012289
376 376 2166 5237 0.000271 0.001901
377 377 2166 2886 0.00186 0.010711
378 378 1043 3513 1e-05 0.0002
379 379 4049 883 0.000169 0.000271
380 380 4520 883 0.000169 0.00031
381 381 1704 5814 0.00526 0.03787
382 382 8107 1486 0.000229 0.000599
383 383 5664 5522 0.00089 0.004091
384 384 4482 8670 0.00093 0.004
385 385 8795 7523 0.00289 0.013099
386 386 2337 6430 0.002599 0.016479
387 387 455 7775 0.00369 0.02712
388 388 455 3857 0.0062 0.04864
389 389 455 333 0.008021 0.059031
390 390 455 6940 0.004979 0.0295
391 391 8225 3656 0.001159 0.005281
392 392 5413 7752 0.00361 0.01824
393 393 5413 1940 0.001521 0.01075
394 394 5413 4234 0.00868 0.041711
395 395 2591 6828 0.01118 0.05986
396 396 2591 7571 0.003229 0.02543
397 397 2591 7571 0.00218 0.01869
398 398 2591 7571 0.001901 0.021909
399 399 2591 7994 0.00974 0.043969
400 400 2591 7226 0.003461 0.01814
401 401 2591 1554 0.00487 0.027669
402 402 9011 1156 0.000651 0.003961
403 403 8689 5502 0.00169 0.00887
404 404 3085 8873 0.001711 0.01336
405 405 1568 980 0.00031 0.000539
406 406 3204 3331 0.0027 0.01157
407 407 3557 639 0.000909 0.006901
408 408 3557 4936 0.001729 0.01214
409 409 416 3492 0.00614 0.03106
410 410 416 7937 0.00418 0.02388
411 411 3255 1262 0.00238 0.017771
412 412 3255 1803 8.1e-05 0.00063
413 413 7373 367 0.001599 0.01618
414 414 4251 2132 0.00532 0.026961
415 415 4251 2132 0.00361 0.02814
416 416 4251 5567 0.002469 0.01025
417 417 6376 1808 0.005229 0.02675
418 418 6376 1808 0.00512 0.02726
419 419 6376 7857 0.00355 0.01694
420 420 9185 7289 0.00139 0.007659
421 421 9185 3999 0.000169 0.000669
422 422 8653 2303 0.00111 0.00712
423 423 908 6474 0.00031 0.001901
424 424 7030 6474 0.000281 0.002091
425 425 4205 6556 0.000281 0.001651
426 426 7325 6556 0.000271 0.00169
427 427 5857 3391 0.001521 0.00843
428 428 5857 3760 0.000841 0.0062
429 429 3707 8765 0.00019 0.00126
430 430 900 6619 0.000219 0.00143
431 431 2918 8109 0.00121 0.01796
432 432 2918 8109 0.0014 0.01512
433 433 6532 2177 0.008409 0.063651
434 434 6532 5317 0.00918 0.07344
435 435 6532 608 0.004219 0.0345
436 436 6532 608 0.0042 0.031651
437 437 4494 8763 0.00121 0.01381
438 438 4494 7056 0.00107 0.01326
439 439 6828 5814 0.003401 0.02607
440 440 3670 21 0.000289 0.00138
441 441 5137 7702 0.001031 0.006039
442 442 1334 7702 0.00105 0.005909
443 443 8448 7624 0.001091 0.007901
444 444 8448 1129 0.00332 0.024021
445 445 8448 3070 0.00344 0.021419
446 446 8448 306 0.00095 0.010419
447 447 8448 306 0.00093 0.01062
448 448 8448 7491 0.00474 0.025409
449 449 4685 2089 0.000271 0.000841
450 450 7485 6253 0.000271 0.00119
451 451 7485 1562 0.000289 0.00076
452 452 7776 1644 0.00031 0.00454
453 453 5971 3483 0.00032 0.0044
454 454 2786 1644 0.00028 0.00494
455 455 972 3483 0.00028 0.00508
456 456 8906 923 0.000531 0.00093
457 457 8906 4914 0.0003 0.001031
458 458 2656 9101 0.00139 0.02163
459 459 2656 7164 0.00164 0.02321
460 460 3519 9101 0.00136 0.02205
461 461 3519 7164 0.0016 0.02367
462 462 1775 9137 0.002091 0.01174
463 463 1775 9137 0.001719 0.00961
464 464 5641 1026 0.012341 0.076781
465 465 5641 9137 0.00176 0.009419
466 466 1096 2889 0.00031 0.00182
467 467 7380 2732 0.00386 0.02348
468 468 7380 4787 0.00017 0.00104
469 469 3543 5308 0.00061 0.00808
470 470 3543 3830 0.00059 0.0067
471 471 2372 1027 0.00059 0.00748
472 472 2372 5648 0.00061 0.0063
473 473 367 1172 0.001031 0.008789
474 474 367 9191 0.00051 0.006169
475 475 367 8722 0.0005 0.00619
476 476 1833 3610 0.00049 0.00376
477 477 1833 3610 0.000539 0.003229
478 478 1833 3962 0.001031 0.00882
479 479 1833 1838 0.000711 0.00463
480 480 1833 2230 0.000711 0.004539
481 481 5388 2467 0.00206 0.015341
482 482 5388 2467 0.002021 0.01564
483 483 6110 8853 0.00094 0.005781
484 484 6110 1001 0.002219 0.016969
485 485 7583 1808 0.00238 0.01187
486 486 7583 2889 0.00707 0.03095
487 487 26 6624 0.00256 0.03401
488 488 26 2479 0.00203 0.02416
489 489 26 4598 0.001 0.01459
490 490 26 4231 0.00103 0.00987
491 491 26 5144 0.00038 0.00483
492 492 26 5144 0.00041 0.00398
493 493 7691 2479 0.00167 0.01721
494 494 7691 2129 0.00098 0.01487
495 495 7691 9213 0.00042 0.00342
496 496 7691 9213 0.00019 0.00248
497 497 7691 4231 0.00105 0.00966
498 498 7691 3513 0.00043 0.00473
499 499 7691 3513 0.00041 0.00397
500 500 1876 3906 0.00051 0.00514
501 501 113 3906 0.00053 0.00503
502 502 7752 3758 0.00455 0.022771
503 503 7752 3758 0.00557 0.02055
504 504 7752 3758 0.00339 0.02026
505 505 4952 8976 0.00237 0.01068
506 506 4952 8189 0.0037 0.019479
507 507 6119 7886 0.01407 0.056849
508 508 6119 4544 0.001669 0.015409
509 509 6119 4544 0.001711 0.015091
510 510 7905 3697 0.00172 0.01619
511 511 7905 7541 0.00029 0.00447
512 512 7905 7541 0.00033 0.00387
513 513 7905 4141 0.00079 0.01154
514 514 7905 4141 0.00077 0.01177
515 515 7905 3022 0.00127 0.01498
516 516 1768 163 0.00214 0.012599
517 517 4245 2425 0.000159 0.00125
518 518 3698 5297 0.000211 0.000669
519 519 750 8328 0.000341 0.001169
520 520 750 870 0.00024 0.001469
521 521 750 2961 0.00018 0.000669
522 522 3499 7988 0.00033 0.00683
523 523 3499 2197 0.00121 0.01211
524 524 3499 7640 0.00123 0.01185
525 525 3499 4231 0.00058 0.0097
526 526 3499 5144 0.00103 0.01292
527 527 3499 3513 0.00116 0.01266
528 528 7289 3999 0.0013 0.006841
529 529 3018 1051 6e-05 0.000349
530 530 2702 3435 0.000169 0.0007
531 531 9131 2020 0.000169 0.000719
532 532 6308 6684 0.000271 0.001031
533 533 4831 3680 0.008271 0.036841
534 534 5410 2751 0.002969 0.02299
535 535 3082 4623 0.00124 0.01273
536 536 3082 4339 0.00106 0.00989
537 537 3082 5288 7e-05 0.00029
538 538 3082 5421 9e-05 0.00079
539 539 3082 6475 0.00196 0.02049
540 540 3082 8468 0.00158 0.01519
541 541 6224 2732 0.00172 0.01811
542 542 6224 7513 0.00096 0.01121
543 543 6224 6475 0.00147 0.01707
544 544 2174 4623 0.00129 0.0129
545 545 2174 4550 0.00179 0.01737
546 546 2174 6475 0.00131 0.01935
547 547 2083 9231 0.003901 0.01614
548 548 2083 9231 0.002591 0.014771
549 549 2083 9231 0.00224 0.0173
550 550 2083 4054 0.00012 0.000849
551 551 2083 3481 0.00394 0.03039
552 552 2083 3602 0.00189 0.01
553 553 2083 2794 0.00032 0.00257
554 554 2083 2794 0.00038 0.00224
555 555 2083 8467 0.00751 0.03955
556 556 2083 1136 0.00086 0.006531
557 557 2083 22 0.00087 0.006591
558 558 8853 1001 0.003031 0.02276
559 559 8853 4950 0.006331 0.03911
560 560 8853 4410 0.00605 0.02986
561 561 8853 6697 0.003919 0.01612
562 562 8853 1159 0.002039 0.0108
563 563 8853 7165 0.006289 0.026271
564 564 2938 2848 0.00042 0.00547
565 565 2938 2848 0.00043 0.00536
566 566 2938 7522 0.00147 0.01373
567 567 2938 7522 0.00131 0.01555
568 568 2938 1642 0.00221 0.02217
569 569 2938 809 0.00224 0.0217
570 570 9189 6791 0.00095 0.003289
571 571 9189 3400 0.000229 0.00082
572 572 9189 7092 0.00068 0.00306
573 573 9189 3718 0.00049 0.00256
574 574 9189 3701 0.000531 0.0022
575 575 9189 7507 0.00136 0.00956
576 576 9189 7507 0.0012 0.010729
577 577 9189 7507 0.00105 0.00861
578 578 9189 2406 0.000591 0.006969
579 579 2801 8511 0.00025 0.0008
580 580 2801 216 0.00113 0.00632
581 581 453 2129 0.0003 0.00275
582 582 8691 6952 0.00836 0.051659
583 583 8691 6952 0.01338 0.073469
584 584 8691 1183 0.0027 0.02089
585 585 8691 4410 0.003419 0.02636
586 586 8691 8743 0.009531 0.033711
587 587 2446 8763 0.0004 0.00707
588 588 2627 8763 0.00035 0.00701
589 589 4951 6785 0.00194 0.01751
590 590 4951 6785 0.00156 0.01936
591 591 4623 964 0.00078 0.00941
592 592 4623 964 0.00074 0.00969
593 593 4623 8347 0.00042 0.00532
594 594 4623 8347 0.0004 0.00473
595 595 4623 8347 0.0006 0.00499
596 596 1609 6552 0.00086 0.00638
597 597 1609 6552 0.000969 0.00625
598 598 1609 8999 0.002781 0.01725
599 599 4368 4816 0.005031 0.028081
600 600 5481 960 1e-05 0.00021
601 601 7913 960 1e-05 0.00025
602 602 506 960 2e-05 0.00031
603 603 2980 960 3e-05 0.0004
604 604 4554 6382 0.000841 0.00474
605 605 4554 6382 0.00082 0.00487
606 606 6844 1595 0.00186 0.011979
607 607 3672 5334 0.00056 0.003021
608 608 6219 5334 0.00055 0.003081
609 609 8997 6153 0.00114 0.01063
610 610 1852 5935 0.003719 0.02295
611 611 1852 5695 0.006669 0.04288
612 612 2931 5799 0.00243 0.0198
613 613 2931 7124 0.00845 0.04339
614 614 2598 3674 0.00219 0.015169
615 615 2598 2132 0.00357 0.0302
616 616 2558 7571 0.005849 0.032419
617 617 8834 1129 0.00406 0.01688
618 618 7377 3324 0.00113 0.0065
619 619 1265 4426 0.0068 0.04613
620 620 1265 1965 0.00337 0.02011
621 621 8060 7162 0.00011 0.0005
622 622 6922 5482 0.003711 0.018521
623 623 6922 1295 0.000271 0.00145
624 624 8369 4710 0.00326 0.01824
625 625 8961 7133 0.00118 0.00712
626 626 8961 6888 0.00482 0.02232
627 627 4185 7019 0.00013 0.000469
628 628 4185 6253 0.000229 0.00075
629 629 7895 3391 0.004591 0.035021
630 630 7895 1448 0.005469 0.03924
631 631 7895 1448 0.00536 0.0403
632 632 7895 115 0.00424 0.033031
633 633 5589 4306 2e-05 0.00024
634 634 5589 1763 1e-05 0.00021
635 635 5589 3697 0.00286 0.03653
636 636 5589 3794 0.00117 0.01183
637 637 5589 3613 0.00103 0.01336
638 638 5589 1502 0.00156 0.01969
639 639 5589 6555 0.00449 0.05772
640 640 5589 3608 0.00259 0.03469
641 641 1001 4134 0.000219 0.00118
642 642 1001 1979 6e-05 0.00095
643 643 1001 516 6e-05 0.000651
644 644 1001 3580 8.1e-05 0.000841
645 645 1001 3809 0.00274 0.020831
646 646 1001 5616 0.004781 0.027729
647 647 1001 5616 0.002849 0.02093
648 648 1001 6697 0.00513 0.03014
649 649 1001 7165 0.00113 0.00651
650 650 1001 892 0.00125 0.00707
651 651 7438 5334 0.003349 0.01463
652 652 7438 1526 0.00245 0.0122
653 653 1301 6952 0.00587 0.036521
654 654 1301 6952 0.00569 0.03774
655 655 1301 6952 0.006031 0.03545
656 656 1301 7883 0.000531 0.00301
657 657 1301 6430 0.00076 0.006099
658 658 778 7209 0.008841 0.028919
659 659 778 1910 0.00169 0.007091
660 660 778 6820 0.001031 0.00361
661 661 778 3071 0.00813 0.030961
662 662 5297 6267 0.00013 0.00068
663 663 3657 3855 0.000211 0.000729
664 664 3657 3855 0.000169 0.000669
665 665 3657 2928 0.000669 0.00251
666 666 3657 2928 0.000711 0.00238
667 667 3657 1172 0.000229 0.00238
668 668 3657 9191 0.0007 0.0065
669 669 3657 8722 0.00061 0.006031
670 670 6472 5362 0.000281 0.0018
671 671 6472 3962 0.000211 0.002409
672 672 1198 1343 0.00056 0.00773
673 673 1198 29 0.0023 0.01581
674 674 7473 3680 0.005039 0.032151
675 675 7473 96 0.00364 0.01713
676 676 7473 1868 0.002169 0.012409
677 677 346 3184 0.00113 0.004719
678 678 346 6570 0.00113 0.004979
679 679 3184 4728 0.00264 0.01174
680 680 2654 7886 0.00494 0.03181
681 681 2654 2132 0.003711 0.023961
682 682 4144 8874 0.001409 0.01101
683 683 4144 1625 0.001169 0.00593
684 684 4144 1625 0.00118 0.00587
685 685 4144 3786 0.00264 0.012469
686 686 4144 3786 0.002349 0.01414
687 687 3422 4100 0.00014 0.0007
688 688 6624 4419 3e-05 0.00054
689 689 6624 7159 3e-05 0.00055
690 690 6624 3661 4e-05 0.00058
691 691 6624 5486 4e-05 0.00054
692 692 6624 4231 0.00171 0.02197
693 693 6624 4231 0.00164 0.02064
694 694 6624 6921 0.00136 0.01756
695 695 6624 432 0.00097 0.00942
696 696 6624 432 0.00086 0.01109
697 697 6624 432 0.00085 0.0113
698 698 3353 6887 0.000979 0.0058
699 699 2479 2050 0.00052 0.00593
700 700 2479 2050 0.00046 0.00672
701 701 5482 8704 0.001151 0.00636
702 702 5482 8704 0.001031 0.007211
703 703 5482 4710 0.002341 0.02286
704 704 5482 1295 0.002281 0.02518
705 705 5482 1910 0.005479 0.02114
706 706 5482 2985 0.011159 0.08856
707 707 5482 5853 0.000669 0.00249
708 708 5482 7824 0.00193 0.01643
709 709 5482 3071 0.00024 0.0017
710 710 4525 195 0.010159 0.065849
711 711 9066 7367 0.00294 0.02131
712 712 9066 9155 0.018841 0.07469
713 713 9066 6357 0.015599 0.052169
714 714 7886 3126 0.005831 0.03969
715 715 7886 8564 0.00087 0.00661
716 716 7886 5567 0.00637 0.024659
717 717 6416 3069 0.0027 0.020419
718 718 6416 3876 0.000409 0.00314
719 719 6416 8804 0.001669 0.01301
720 720 6416 8804 0.00164 0.01325
721 721 7831 4550 0.00089 0.00556
722 722 7831 4125 0.00186 0.01809
723 723 7831 3346 0.00381 0.02853
724 724 5525 2377 0.012419 0.072151
725 725 5525 1401 0.0042 0.02556
726 726 5525 2850 0.010771 0.0493
727 727 5525 2430 0.010159 0.04995
728 728 5525 9164 0.013169 0.05113
729 729 8511 1033 0.000469 0.001159
730 730 8511 6178 0.000229 0.00105
731 731 3400 980 0.000271 0.001271
732 732 2101 4598 0.00099 0.01194
733 733 2101 4541 0.00077 0.01184
734 734 2101 5144 0.00034 0.00426
735 735 3919 2129 0.00101 0.01168
736 736 3919 4541 0.00086 0.01046
737 737 3919 3513 0.00035 0.00417
738 738 6675 1486 0.000159 0.00069
739 739 4711 5836 0.000781 0.00488
740 740 4711 575 0.000781 0.00511
741 741 4711 8214 0.00064 0.003539
742 742 4711 8214 0.00057 0.003781
743 743 4711 3021 0.000531 0.00111
744 744 4711 7967 0.000521 0.00113
745 745 4711 5993 0.00176 0.00843
746 746 4711 8804 0.002461 0.01975
747 747 4513 6831 0.000591 0.00105
748 748 2043 1422 0.00012 0.00064
749 749 6714 1808 0.000581 0.004419
750 750 6371 1808 0.000651 0.004331
751 751 513 2866 0.001289 0.008289
752 752 4970 9222 0.00233 0.03502
753 753 4970 9222 0.00238 0.03781
754 754 4970 2072 0.00052 0.00605
755 755 4970 5461 0.00023 0.00275
756 756 4970 8109 0.00134 0.01343
757 757 4970 8109 0.00116 0.01552
758 758 7955 707 0.004169 0.027919
759 759 7955 4816 0.00063 0.008
760 760 7955 1866 0.004841 0.028581
761 761 7955 5488 0.007419 0.05787
762 762 5093 2467 0.002719 0.020331
763 763 2328 7178 0.000789 0.005
764 764 9180 195 0.00238 0.013219
765 765 9180 3133 0.003771 0.02701
766 766 292 4544 0.001271 0.00939
767 767 9002 6737 0.000841 0.00131
768 768 8439 3758 0.005711 0.043039
769 769 8439 3758 0.00562 0.041901
770 770 4974 2940 0.00356 0.019781
771 771 4974 163 0.004841 0.03149
772 772 747 8507 0.00057 0.00107
773 773 6909 4914 0.000539 0.00213
774 774 444 4747 0.0007 0.00425
775 775 1459 6495 0.0012 0.009531
776 776 1459 2751 0.00206 0.015901
777 777 3601 4728 0.00063 0.00312
778 778 1251 6475 3e-05 0.00041
779 779 1093 6475 2e-05 0.00043
780 780 5709 6475 3e-05 0.00039
781 781 3825 6475 3e-05 0.00038
782 782 1415 3503 0.0008 0.004151
783 783 4549 3503 0.000901 0.00381
784 784 3072 639 0.000591 0.004341
785 785 3072 639 0.000591 0.00405
786 786 5007 4541 0.00218 0.0275
787 787 5007 8195 0.00184 0.01677
788 788 757 964 0.00058 0.00807
789 789 757 964 0.00056 0.00823
790 790 757 3906 0.00123 0.01146
791 791 757 3906 0.0011 0.01298
792 792 757 8347 0.00156 0.01585
793 793 757 2919 0.00226 0.02781
794 794 3758 188 0.00614 0.02831
795 795 3758 2242 0.00513 0.03401
796 796 3903 4114 0.013219 0.0597
797 797 5743 6990 0.012969 0.06087
798 798 8626 8930 0.00437 0.032831
799 799 8626 2467 0.005651 0.033229
800 800 2161 5488 0.008969 0.03625
801 801 2161 7772 0.012409 0.05645
802 802 5003 6382 0.00038 0.002271
803 803 6474 4084 0.00138 0.01089
804 804 6474 4084 0.001539 0.012521
805 805 6474 53 0.00205 0.014229
806 806 6474 7259 0.00026 0.00164
807 807 6474 2475 0.000289 0.00169
808 808 5334 7577 0.003349 0.051211
809 809 7961 2288 0.00038 0.001479
810 810 1592 7098 0.00082 0.00625
811 811 3187 2079 0.00275 0.015581
812 812 6041 5926 0.000909 0.00739
813 813 3697 8486 0.00082 0.01038
814 814 3697 7530 0.00093 0.01017
815 815 3697 1502 0.00137 0.01431
816 816 3697 1552 0.00215 0.02021
817 817 6952 3793 0.01189 0.058841
818 818 6738 2526 0.00104 0.01241
819 819 6738 2526 0.00092 0.014
820 820 6738 2365 0.00055 0.00845
821 821 6738 2365 0.00054 0.00861
822 822 6738 3794 0.00105 0.01057
823 823 6738 3613 0.00089 0.01122
824 824 6738 6901 0.00223 0.02584
825 825 8180 5106 0.00101 0.007841
826 826 8180 5106 0.001081 0.008099
827 827 6240 7165 0.011081 0.068479
828 828 9222 8721 2e-05 0.00033
829 829 9222 8872 1e-05 0.00029
830 830 9222 8672 0.00071 0.00892
831 831 9222 7164 0.00136 0.01526
832 832 5935 7772 0.005401 0.036021
833 833 3134 3430 0.00437 0.033719
834 834 3134 1051 0.005151 0.034919
835 835 283 800 0.00038 0.00139
836 836 283 1077 0.00037 0.0015
837 837 283 4747 0.00069 0.004461
838 838 3391 5213 0.00688 0.040591
839 839 3391 115 0.001341 0.008349
840 840 3391 115 0.001229 0.009669
841 841 4867 5753 0.00137 0.006039
842 842 7539 6556 0.001919 0.01261
843 843 7539 871 0.00163 0.0095
844 844 8893 8874 0.00488 0.0497
845 845 8893 4505 0.001289 0.0087
846 846 8893 3436 0.00211 0.01524
847 847 8893 3436 0.00206 0.015539
848 848 8893 3436 0.00276 0.01631
849 849 8893 6556 0.00305 0.019521
850 850 8893 8765 0.000409 0.0023
851 851 8893 6619 0.00036 0.00268
852 852 8165 6734 0.00032 0.00049
853 853 1078 6734 0.00013 0.000349
854 854 7988 4231 0.0002 0.00327
855 855 804 2142 0.000919 0.00561
856 856 804 2142 0.00094 0.00549
857 857 804 7519 0.00175 0.01976
858 858 804 6744 0.001729 0.019331
859 859 2286 6802 0.00406 0.02581
860 860 2286 769 0.00526 0.025961
861 861 3239 1081 0.00179 0.02098
862 862 3239 5983 0.00162 0.02148
863 863 3239 8267 0.00492 0.04991
864 864 3239 960 0.00109 0.01361
865 865 3239 960 0.00097 0.0153
866 866 3239 3906 0.00322 0.03022
867 867 1539 7361 0.032831 0.074151
868 868 1539 6852 0.01411 0.058711
869 869 1539 8515 0.02725 0.102979
870 870 1539 3166 0.012229 0.04049
871 871 1539 2676 0.01994 0.066719
872 872 1539 3793 0.018591 0.07462
873 873 1539 4529 0.008979 0.03251
874 874 1539 4234 0.016531 0.086031
875 875 8628 44 0.003591 0.02137
876 876 8628 6630 0.00124 0.008
877 877 8628 6630 0.001271 0.007831
878 878 8628 1545 0.000469 0.00294
879 879 8628 4215 0.000841 0.003289
880 880 7163 1917 0.00219 0.016539
881 881 7163 5519 0.002901 0.020901
882 882 7647 225 0.0002 0.001211
883 883 4864 1397 9.1e-05 0.000479
884 884 7021 7119 0.005461 0.029469
885 885 7021 3324 0.001979 0.011289
886 886 1248 163 0.0023 0.01289
887 887 9045 2457 0.000159 0.00037
888 888 8874 3786 0.002789 0.01562
889 889 5891 5574 0.002531 0.012331
890 890 5891 7663 0.00357 0.023289
891 891 5891 4889 0.00076 0.006039
892 892 3997 1526 0.000469 0.00075
893 893 184 1526 0.00044 0.00069
894 894 2972 2088 0.00561 0.035521
895 895 8676 933 0.004539 0.03468
896 896 8676 933 0.00175 0.0067
897 897 8676 3643 0.007461 0.031419
898 898 8704 6723 0.00224 0.012909
899 899 7047 21 0.0003 0.000961
900 900 7047 21 0.00032 0.001409
901 901 7047 1551 0.002031 0.0157
902 902 7047 4103 0.00038 0.00306
903 903 7047 7862 0.00118 0.0083
904 904 7047 5458 0.001229 0.00787
905 905 5574 5666 0.00301 0.01538
906 906 6742 5458 0.00063 0.00114
907 907 5270 7862 0.00064 0.00111
908 908 7775 3857 0.004919 0.03837
909 909 6290 3436 0.001831 0.008349
910 910 3430 401 0.00536 0.03188
911 911 2967 8976 0.00038 0.001461
912 912 2967 8976 0.000289 0.001521
913 913 8976 2481 0.00305 0.016841
914 914 8976 9108 0.001781 0.012729
915 915 2056 7520 0.00041 0.00461
916 916 2056 7520 0.0004 0.0047
917 917 4084 5340 0.00213 0.01401
918 918 4084 2319 0.001271 0.00887
919 919 4084 2878 0.00462 0.02743
920 920 2597 7422 0.001539 0.00776
921 921 7183 8931 0.00025 0.00478
922 922 5379 8931 0.00025 0.00487
923 923 8128 8931 0.00025 0.00435
924 924 6337 8931 0.00026 0.00426
925 925 1237 8931 0.00025 0.00479
926 926 4127 9173 0.000169 0.00076
927 927 4127 7974 0.00039 0.00126
928 928 2432 4816 0.011229 0.074659
929 929 2432 1866 0.014521 0.058081
930 930 2432 8809 0.00064 0.003919
931 931 2432 5146 0.014789 0.07768
932 932 2432 6940 0.00938 0.05355
933 933 2432 1742 0.00124 0.004289
934 934 5213 8627 0.00968 0.04388
935 935 5213 174 0.008531 0.067151
936 936 5213 7437 0.00731 0.04106
937 937 7342 5940 0.004349 0.02555
938 938 7342 7495 0.00599 0.03462
939 939 8808 4816 0.002961 0.021591
940 940 8808 4816 0.002901 0.02206
941 941 8808 6053 0.002979 0.016969
942 942 5764 4189 0.00312 0.020021
943 943 8507 1973 0.000219 0.000909
944 944 1394 1973 0.000219 0.00093
945 945 2898 2128 0.000151 0.000289
946 946 4942 8255 0.00563 0.043599
947 947 4942 4748 0.000969 0.00612
948 948 3486 3594 0.005021 0.020719
949 949 3486 4679 0.00988 0.041039
950 950 4656 4235 0.003159 0.02011
951 951 4656 4235 0.003219 0.01969
952 952 7129 5441 0.00049 0.00238
953 953 7129 5441 0.000479 0.002419
954 954 8250 5720 0.00264 0.019729
955 955 8250 5720 0.002581 0.02011
956 956 6831 6723 0.00037 0.002831
957 957 6831 5686 0.00213 0.012789
958 958 2377 805 0.018669 0.092281
959 959 907 9091 3.9e-05 0.000401
960 960 4056 9091 6e-05 0.00044
961 961 6837 2142 6e-05 0.0005
962 962 5666 2641 0.001271 0.007031
963 963 5666 7577 0.00055 0.003159
964 964 5666 7577 0.00055 0.00338
965 965 5666 7577 0.00105 0.004771
966 966 5666 1629 0.003289 0.015039
967 967 726 687 0.00036 0.004349
968 968 3526 687 0.00038 0.003669
969 969 6382 2425 0.00118 0.00701
970 970 6382 2425 0.001229 0.00686
971 971 6382 5907 0.00301 0.0217
972 972 6382 5907 0.003409 0.01924
973 973 6382 5907 0.003409 0.01938
974 974 7847 9217 0.002719 0.02131
975 975 2981 1448 0.00295 0.01956
976 976 5110 5686 0.001091 0.00831
977 977 2968 5907 0.00111 0.008211
978 978 5441 2155 0.002469 0.015271
979 979 5441 8112 0.00212 0.01601
980 980 5441 2535 0.00037 0.0028
981 981 5441 7098 0.00162 0.01238
982 982 5441 7098 0.001909 0.01162
983 983 5441 7098 0.001909 0.010729
984 984 5441 3737 0.00089 0.00526
985 985 5441 5529 0.00087 0.00536
986 986 5441 5753 0.001521 0.01176
987 987 9019 6563 0.00014 0.000591
988 988 1341 1101 0.003531 0.028781
989 989 2797 8291 0.004599 0.03657
990 990 2797 8367 0.00307 0.019159
991 991 2797 1100 0.000581 0.004461
992 992 2797 6887 0.00164 0.01161
993 993 4939 6880 0.00057 0.003281
994 994 7738 6982 0.020419 0.063669
995 995 6565 3121 0.01424 0.04751
996 996 8707 280 0.00157 0.008849
997 997 8707 2510 0.01218 0.07524
998 998 1625 766 0.00037 0.00151
999 999 8411 6232 0.000219 0.000531
1000 1000 3951 1397 0.002849 0.0137
1001 1001 964 7282 0.00116 0.01692
1002 1002 964 7282 0.00133 0.01462
1003 1003 964 6475 0.00063 0.00821
1004 1004 964 6475 0.00064 0.00804
1005 1005 5658 5420 0.00126 0.01272
1006 1006 5658 8267 0.00337 0.0494
1007 1007 5658 7328 0.0014 0.0214
1008 1008 5658 7328 0.00137 0.02182
1009 1009 5658 7164 0.00212 0.02063
1010 1010 5550 410 0.00186 0.01045
1011 1011 5550 7579 0.00426 0.021771
1012 1012 5550 7579 0.002659 0.020539
1013 1013 5550 4189 0.00606 0.049919
1014 1014 7282 4196 0.00109 0.01192
1015 1015 1526 3916 0.013021 0.049219
1016 1016 1526 4747 0.00236 0.01239
1017 1017 1526 4747 0.0027 0.015169
1018 1018 4541 3346 0.00285 0.03283
1019 1019 4541 3346 0.00529 0.03969
1020 1020 1343 3346 0.00254 0.03721
1021 1021 3680 2719 0.000159 0.00069
1022 1022 3680 2719 0.000229 0.000979
1023 1023 3680 2719 0.00024 0.00082
1024 1024 3680 795 0.000169 0.00075
1025 1025 3680 4880 0.00368 0.01756
1026 1026 3680 1868 0.002599 0.020659
1027 1027 7464 5564 0.00018 0.00064
1028 1028 7464 7036 0.000159 0.000771
1029 1029 7464 5940 0.00357 0.01981
1030 1030 7464 7495 0.006021 0.03205
1031 1031 4850 2886 0.001781 0.01164
1032 1032 4850 7049 0.002781 0.018831
1033 1033 2510 6146 0.000349 0.00281
1034 1034 90 1860 0.00313 0.02444
1035 1035 90 1860 0.00368 0.02074
1036 1036 2142 3276 9.1e-05 0.001539
1037 1037 2142 3545 0.00251 0.01111
1038 1038 2142 6842 0.003081 0.017961
1039 1039 2142 6744 0.005341 0.030419
1040 1040 2142 7635 9.9e-05 0.00126
1041 1041 9091 1040 0.002169 0.017901
1042 1042 2457 6178 0.00011 0.00038
1043 1043 1422 1462 0.00212 0.00494
1044 1044 1422 7772 0.018901 0.077349
1045 1045 7881 5365 0.00957 0.0395
1046 1046 7881 6982 0.02324 0.063469
1047 1047 6926 3327 0.000531 0.004331
1048 1048 1959 615 0.002581 0.006229
1049 1049 6455 1262 0.00031 0.002211
1050 1050 803 6982 0.01087 0.06114
1051 1051 803 5918 0.011581 0.061099
1052 1052 7624 3070 0.002099 0.016271
1053 1053 500 1547 0.00093 0.005461
1054 1054 500 5237 0.009591 0.037039
1055 1055 500 772 0.002591 0.017211
1056 1056 500 8950 0.00164 0.013651
1057 1057 2754 2079 0.003219 0.014719
1058 1058 2754 2229 0.00401 0.022229
1059 1059 2754 7049 0.00126 0.010211
1060 1060 4118 7873 0.009169 0.03993
1061 1061 4118 3865 0.001349 0.006081
1062 1062 1754 8486 0.00156 0.01931
1063 1063 1754 7530 0.00152 0.01968
1064 1064 1754 7778 0.00094 0.01433
1065 1065 1754 6897 0.00092 0.01461
1066 1066 1754 960 0.00137 0.02012
1067 1067 1754 960 0.00134 0.02051
1068 1068 3857 4491 0.00314 0.042151
1069 1069 3857 6010 0.000651 0.00494
1070 1070 3857 6940 0.003961 0.02426
1071 1071 858 1642 0.00013 0.0015
1072 1072 3028 809 0.00013 0.00147
1073 1073 4819 1642 0.00011 0.00172
1074 1074 2035 809 0.00012 0.00166
1075 1075 3869 1642 0.00012 0.00168
1076 1076 3741 809 0.00012 0.00172
1077 1077 742 687 0.00093 0.005669
1078 1078 2910 7098 0.00105 0.00506
1079 1079 5688 6231 0.00113 0.006539
1080 1080 5182 5455 0.00037 0.002919
1081 1081 707 5695 0.005169 0.03738
1082 1082 3814 954 0.00125 0.006669
1083 1083 2313 2438 0.001281 0.00661
1084 1084 195 2985 0.00226 0.0138
1085 1085 2518 3513 0.00213 0.02677
1086 1086 2518 3346 0.00154 0.01919
1087 1087 4544 601 0.00687 0.04413
1088 1088 4544 3241 0.0045 0.04725
1089 1089 4544 7338 0.00138 0.00837
1090 1090 3069 1538 0.000419 0.001901
1091 1091 3069 1538 0.00043 0.00186
1092 1092 6115 4729 0.003331 0.015099
1093 1093 3344 6616 0.002099 0.01631
1094 1094 3809 5616 0.001331 0.01082
1095 1095 3809 6691 0.00199 0.00818
1096 1096 3809 6691 0.00169 0.008831
1097 1097 1326 892 0.001771 0.014281
1098 1098 601 616 0.003099 0.01844
1099 1099 3496 1551 0.003409 0.01819
1100 1100 4925 2230 0.00057 0.00369
1101 1101 8057 5907 0.001081 0.00468
1102 1102 5354 5907 0.00105 0.004771
1103 1103 3674 616 0.001979 0.01549
1104 1104 3674 7338 0.001469 0.015151
1105 1105 5836 5083 0.000711 0.003969
1106 1106 5836 7576 0.00051 0.00274
1107 1107 5836 3191 0.000521 0.00306
1108 1108 5836 3488 0.00188 0.011841
1109 1109 5836 1578 0.002469 0.010539
1110 1110 575 5300 0.00045 0.00351
1111 1111 3929 9173 0.00037 0.000659
1112 1112 2089 3818 0.000401 0.0007
1113 1113 2089 6232 0.00014 0.000531
1114 1114 2089 1643 0.000289 0.0013
1115 1115 2089 6253 7e-05 0.000289
1116 1116 2089 6684 0.00051 0.002151
1117 1117 2089 8151 0.00037 0.00157
1118 1118 5067 449 0.00022 0.00277
1119 1119 5067 449 0.00025 0.00271
1120 1120 7641 3037 0.000271 0.002081
1121 1121 7641 3037 0.00025 0.00231
1122 1122 3191 2340 0.00095 0.00331
1123 1123 3191 8711 0.00093 0.00336
1124 1124 8104 8722 0.000341 0.002211
1125 1125 2644 9191 0.00032 0.00232
1126 1126 4128 8522 3.9e-05 0.000271
1127 1127 604 7522 0.00075 0.0101
1128 1128 604 4000 0.00118 0.01455
1129 1129 2155 9021 0.0017 0.0098
1130 1130 2155 9021 0.001521 0.01111
1131 1131 2155 2042 0.000169 0.001401
1132 1132 2155 687 0.002591 0.01725
1133 1133 2155 3520 0.000169 0.001159
1134 1134 2155 4729 0.00307 0.01339
1135 1135 2641 4889 0.002591 0.013521
1136 1136 9067 9051 0.000581 0.005031
1137 1137 6969 5573 0.001419 0.00595
1138 1138 666 1494 0.00205 0.02664
1139 1139 666 2732 0.00295 0.03721
1140 1140 666 4550 0.00335 0.03648
1141 1141 666 1607 0.00022 0.00251
1142 1142 666 2093 0.00059 0.00651
1143 1143 3565 2177 0.008539 0.041979
1144 1144 3565 2841 0.001349 0.0052
1145 1145 3611 7972 0.00245 0.013909
1146 1146 3611 2481 0.001469 0.008419
1147 1147 5420 7164 0.00084 0.00836
1148 1148 7119 2078 0.002591 0.017789
1149 1149 7119 7873 0.009651 0.05968
1150 1150 7422 7519 0.00143 0.00799
1151 1151 7422 6744 0.001969 0.014909
1152 1152 1026 1860 0.01039 0.06406
1153 1153 4765 3327 0.000719 0.005331
1154 1154 6036 6921 0.00052 0.00565
1155 1155 8670 7069 0.002409 0.019479
1156 1156 8670 7069 0.00256 0.019151
1157 1157 8670 2866 0.00656 0.02288
1158 1158 4032 6450 0.0027 0.014901
1159 1159 4032 5738 0.003591 0.01362
1160 1160 7327 2481 0.002211 0.01188
1161 1161 7327 8189 0.00068 0.00357
1162 1162 7474 1584 0.000211 0.000969
1163 1163 8947 3390 9.9e-05 0.000539
1164 1164 1808 6384 0.00645 0.0263
1165 1165 4624 6031 0.00063 0.001901
1166 1166 1721 3558 0.000281 0.000669
1167 1167 7694 3865 0.000219 0.00064
1168 1168 9181 6723 0.00014 0.00105
1169 1169 8373 8748 0.003219 0.020729
1170 1170 8373 8475 0.00051 0.003151
1171 1171 8373 8475 0.000409 0.00331
1172 1172 5630 6639 0.002289 0.017479
1173 1173 5630 1187 0.002831 0.01895
1174 1174 5630 7274 0.006289 0.036521
1175 1175 5630 8992 0.005651 0.032169
1176 1176 5630 7266 0.00414 0.02262
1177 1177 3492 6734 0.01095 0.05814
1178 1178 3492 1015 0.009 0.0368
1179 1179 3492 8310 0.000229 0.00181
1180 1180 1980 6570 0.00119 0.00726
1181 1181 9137 749 0.011771 0.051669
1182 1182 7522 2183 0.00209 0.02279
1183 1183 7571 3916 0.002031 0.01443
1184 1184 7571 6891 0.00145 0.008479
1185 1185 2526 6199 0.00124 0.01433
1186 1186 2526 6199 0.00127 0.01402
1187 1187 1483 3649 0.013039 0.052841
1188 1188 2365 6199 0.00235 0.02739
1189 1189 2365 6199 0.0024 0.02681
1190 1190 2365 4141 0.00135 0.02056
1191 1191 2365 1311 0.00087 0.01124
1192 1192 8316 174 0.0012 0.00818
1193 1193 174 6430 0.006961 0.05561
1194 1194 5340 7892 0.00105 0.00763
1195 1195 5340 561 0.000219 0.00182
1196 1196 5340 8843 3.9e-05 0.0002
1197 1197 5340 8843 4.5e-05 0.000195
1198 1198 5340 4239 0.0035 0.022651
1199 1199 3866 1860 0.004281 0.02319
1200 1200 3866 5395 0.003729 0.014021
1201 1201 7042 2177 0.00212 0.01582
1202 1202 8672 7164 0.00056 0.00784
1203 1203 1860 7772 0.004401 0.01813
1204 1204 1860 7772 0.005021 0.02144
1205 1205 4885 2928 0.00018 0.000219
1206 1206 4157 2928 0.000151 0.000211
1207 1207 4432 2928 0.000151 0.000211
1208 1208 2072 5983 0.00282 0.02591
1209 1209 3450 6552 0.00131 0.008539
1210 1210 3956 7507 0.002159 0.015969
1211 1211 5286 1838 0.00019 0.000281
1212 1212 5571 2230 0.0002 0.000281
1213 1213 2078 8005 0.00139 0.00774
1214 1214 639 6351 0.01101 0.06739
1215 1215 639 2749 0.00063 0.00463
1216 1216 639 9130 0.002341 0.009599
1217 1217 410 4189 0.00375 0.021659
1218 1218 1494 5781 0.00056 0.00749
1219 1219 583 6616 0.00118 0.00926
1220 1220 583 6031 0.002039 0.013081
1221 1221 1746 7507 0.00155 0.010961
1222 1222 3276 7635 3.9e-05 0.00036
1223 1223 1105 196 0.00024 0.000409
1224 1224 8522 7132 0.000341 0.001659
1225 1225 8522 5351 0.005461 0.024919
1226 1226 8763 7056 0.00158 0.02413
1227 1227 8763 8825 0.00155 0.02458
1228 1228 8763 6889 0.00021 0.00256
1229 1229 8763 6889 0.00024 0.00243
1230 1230 8763 8887 0.00144 0.02266
1231 1231 8763 8887 0.0014 0.02098
1232 1232 8763 8487 0.00086 0.01074
1233 1233 8748 8475 0.003341 0.02611
1234 1234 217 6785 0.00387 0.02063
1235 1235 217 6785 0.00405 0.018271
1236 1236 217 1179 0.00101 0.00462
1237 1237 217 2575 0.00088 0.00389
1238 1238 217 7274 0.005081 0.039
1239 1239 7972 8189 0.00257 0.0208
1240 1240 7972 8189 0.00251 0.01926
1241 1241 7972 1039 0.002531 0.01314
1242 1242 7253 7840 0.00132 0.00869
1243 1243 4395 8913 0.00082 0.004021
1244 1244 4395 4852 0.00143 0.007479
1245 1245 2795 1183 0.000659 0.005771
1246 1246 2795 1183 0.000591 0.006539
1247 1247 1305 6291 0.00589 0.025599
1248 1248 1305 6982 0.00614 0.02343
1249 1249 2732 1798 0.00155 0.01994
1250 1250 2732 3346 0.00205 0.03218
1251 1251 4550 3346 0.00233 0.03154
1252 1252 4725 5738 0.002341 0.01982
1253 1253 1083 8310 8.1e-05 0.000521
1254 1254 1398 5567 9.9e-05 0.00069
1255 1255 4281 4580 0.00276 0.016419
1256 1256 7050 4908 0.00036 0.001229
1257 1257 7050 3740 0.000229 0.000711
1258 1258 6563 870 0.00013 0.00099
1259 1259 8999 6495 0.001159 0.00689
1260 1260 6888 5994 0.008531 0.03045
1261 1261 5400 8005 0.000781 0.004531
1262 1262 5400 8005 0.00075 0.00474
1263 1263 5881 4031 0.002159 0.008349
1264 1264 8195 8334 0.00162 0.01651
1265 1265 933 6357 0.01236 0.044211
1266 1266 933 6357 0.00825 0.03989
1267 1267 933 3775 0.02187 0.066961
1268 1268 933 3975 0.01212 0.06661
1269 1269 3918 1642 0.00036 0.00534
1270 1270 6802 1153 0.000229 0.00063
1271 1271 6802 7599 0.000219 0.000581
1272 1272 4025 3994 0.000281 0.00063
1273 1273 1595 1414 0.005021 0.035659
1274 1274 3114 3656 0.00174 0.007901
1275 1275 5237 2229 0.003919 0.020581
1276 1276 5237 9108 0.003341 0.016349
1277 1277 5237 1478 0.003271 0.016669
1278 1278 2799 8515 0.000151 0.000659
1279 1279 6405 7873 0.00736 0.035659
1280 1280 6405 3894 0.00944 0.042169
1281 1281 4435 4734 0.00068 0.00652
1282 1282 4435 3483 0.00188 0.02281
1283 1283 2079 7052 0.00168 0.00956
1284 1284 2079 7052 0.001669 0.00981
1285 1285 2079 772 0.002229 0.01599
1286 1286 2079 772 0.00218 0.01631
1287 1287 1081 6475 0.00238 0.02124
1288 1288 1081 6475 0.00194 0.02023
1289 1289 7361 3166 0.013831 0.05955
1290 1290 7361 426 0.00876 0.04875
1291 1291 2863 1857 0.0002 0.00099
1292 1292 1364 2430 0.00105 0.00826
1293 1293 2177 749 0.0172 0.06637
1294 1294 3594 2850 0.00305 0.015781
1295 1295 6555 3608 0.00208 0.02105
1296 1296 8475 1965 0.00614 0.043729
1297 1297 8475 5926 0.000229 0.001849
1298 1298 5735 6053 0.00386 0.025789
1299 1299 5735 2341 0.002031 0.012
1300 1300 2629 7507 0.000591 0.004
1301 1301 1137 2406 9.1e-05 0.00051
1302 1302 7577 5814 0.00732 0.039969
1303 1303 7577 3231 0.004581 0.02031
1304 1304 7663 5814 0.00132 0.00537
1305 1305 1183 1159 0.007521 0.0387
1306 1306 6852 5051 0.005159 0.031281
1307 1307 8307 8807 9.9e-05 0.001159
1308 1308 6947 8807 9.9e-05 0.00113
1309 1309 4505 4357 0.00019 0.000909
1310 1310 7144 7791 0.00107 0.00413
1311 1311 6889 2085 9e-05 0.00058
1312 1312 6889 4024 9e-05 0.00059
1313 1313 6889 9065 8e-05 0.00053
1314 1314 6889 661 8e-05 0.00052
1315 1315 6612 8864 0.000271 0.00151
1316 1316 8931 6199 0.00053 0.00585
1317 1317 8931 6199 0.00047 0.00663
1318 1318 8931 6199 0.00046 0.00676
1319 1319 8931 6199 0.00045 0.00689
1320 1320 8931 8494 0.00028 0.00338
1321 1321 8931 8494 0.0003 0.00319
1322 1322 1643 4511 0.00025 0.00101
1323 1323 196 1973 0.000281 0.00119
1324 1324 2902 5573 0.00018 0.00063
1325 1325 4950 4410 0.00382 0.02868
1326 1326 4950 333 0.00361 0.0235
1327 1327 4950 6908 0.00538 0.03569
1328 1328 3377 7726 6e-05 0.000409
1329 1329 1027 3243 9e-05 0.00102
1330 1330 1027 2458 0.0014 0.01649
1331 1331 1027 2919 0.00034 0.00427
1332 1332 5308 8560 0.0001 0.00109
1333 1333 5308 6427 0.00137 0.01682
1334 1334 5308 8347 0.00131 0.01262
1335 1335 7148 5610 0.00262 0.019669
1336 1336 7148 2421 0.00082 0.00526
1337 1337 7148 2421 0.000841 0.005151
1338 1338 7148 2421 0.000669 0.005081
1339 1339 7148 6989 0.001919 0.012669
1340 1340 44 1545 0.002659 0.02
1341 1341 44 3541 0.003031 0.02343
1342 1342 6231 4710 0.01176 0.059159
1343 1343 6231 8367 0.002469 0.017531
1344 1344 6231 2288 0.000669 0.005729
1345 1345 8291 8473 0.000781 0.00876
1346 1346 8291 5455 0.00062 0.00482
1347 1347 8291 7635 0.001349 0.012599
1348 1348 6842 8473 0.000979 0.0082
1349 1349 6842 883 0.008091 0.028831
1350 1350 6842 2288 0.000711 0.005969
1351 1351 3969 7726 0.00145 0.00857
1352 1352 1090 1129 0.00869 0.03768
1353 1353 1090 3070 0.001719 0.00837
1354 1354 8515 5365 0.01582 0.067349
1355 1355 8515 5365 0.01457 0.06469
1356 1356 8515 4529 0.021711 0.090539
1357 1357 8515 3364 0.00019 0.000729
1358 1358 935 5383 0.001271 0.00638
1359 1359 920 6570 3.9e-05 0.0002
1360 1360 6664 4426 0.000281 0.00236
1361 1361 4339 2183 0.00019 0.00329
1362 1362 7513 4000 0.00035 0.00324
1363 1363 6570 8542 0.00049 0.00349
1364 1364 6570 8542 0.000469 0.00331
1365 1365 6570 1662 0.00313 0.01324
1366 1366 6570 9119 0.001031 0.006719
1367 1367 6570 1151 0.00038 0.00401
1368 1368 502 3589 0.00037 0.002849
1369 1369 8473 1040 0.00032 0.00256
1370 1370 8473 145 0.00037 0.00118
1371 1371 8473 4267 0.00068 0.001151
1372 1372 4936 5179 0.00168 0.009841
1373 1373 5317 8854 0.000599 0.002401
1374 1374 9018 4 0.002169 0.00911
1375 1375 9018 4829 0.002849 0.01282
1376 1376 6253 5383 0.001229 0.01207
1377 1377 6253 7507 0.001289 0.01089
1378 1378 8887 1644 0.00093 0.01036
1379 1379 8887 3483 0.00083 0.01174
1380 1380 6639 7840 0.00118 0.009469
1381 1381 6639 7840 0.001151 0.009651
1382 1382 5461 8109 0.00101 0.01327
1383 1383 6291 4189 0.00364 0.02486
1384 1384 8405 4747 0.00056 0.00425
1385 1385 8405 4580 0.00369 0.02681
1386 1386 338 7824 0.000531 0.00276
1387 1387 2468 7824 0.000521 0.00281
1388 1388 5257 7824 0.000419 0.00232
1389 1389 2189 7824 0.000409 0.00237
1390 1390 8458 8267 0.00014 0.00193
1391 1391 2676 5987 0.003211 0.01481
1392 1392 1187 5712 0.00381 0.01175
1393 1393 1187 6521 0.003781 0.02676
1394 1394 2360 8636 0.000919 0.005461
1395 1395 2360 8829 0.000271 0.001211
1396 1396 2360 4235 0.002229 0.017401
1397 1397 2360 4235 0.00243 0.017659
1398 1398 2360 4235 0.002531 0.01705
1399 1399 8818 5099 0.012531 0.05451
1400 1400 5781 4734 0.00087 0.01212
1401 1401 5781 905 0.0006 0.00802
1402 1402 5781 8334 0.00072 0.00667
1403 1403 5781 2093 0.00234 0.02626
1404 1404 6772 6989 0.00038 0.002969
1405 1405 7885 3912 0.00024 0.00045
1406 1406 6730 3912 0.000229 0.000409
1407 1407 4301 3912 0.000281 0.000401
1408 1408 5362 5610 0.001211 0.005271
1409 1409 5362 350 0.000281 0.00107
1410 1410 5362 6763 0.00025 0.001091
1411 1411 3855 1973 0.00019 0.00081
1412 1412 3855 1973 0.00045 0.00136
1413 1413 3481 554 0.003461 0.023289
1414 1414 5460 8222 0.0013 0.01609
1415 1415 5460 8222 0.00128 0.0164
1416 1416 5460 2721 0.00089 0.01082
1417 1417 5460 2721 0.00087 0.01102
1418 1418 3786 8578 0.003349 0.02514
1419 1419 490 2653 0.0003 0.00061
1420 1420 148 7069 0.000289 0.001211
1421 1421 7256 8743 0.01301 0.044091
1422 1422 7256 1742 0.02162 0.065969
1423 1423 8930 314 0.006461 0.05275
1424 1424 6954 7974 0.0002 0.000271
1425 1425 3325 7974 0.00018 0.00026
1426 1426 5627 1742 0.00032 0.00188
1427 1427 5610 6989 0.00105 0.006591
1428 1428 21 6163 0.00013 0.00055
1429 1429 3749 5365 0.006151 0.04013
1430 1430 3749 6982 0.007159 0.040591
1431 1431 2291 3133 0.00874 0.048461
1432 1432 2291 4738 0.004159 0.01606
1433 1433 2291 3656 0.002919 0.01912
1434 1434 314 4300 0.00094 0.00394
1435 1435 314 5789 0.000901 0.00395
1436 1436 314 2467 0.003159 0.017789
1437 1437 314 2467 0.002419 0.018331
1438 1438 314 5256 0.00375 0.018281
1439 1439 3200 2653 0.00025 0.001031
1440 1440 4679 4852 0.00264 0.01238
1441 1441 4679 4852 0.001289 0.00795
1442 1442 4679 1151 0.00087 0.003081
1443 1443 8568 5215 0.000401 0.00224
1444 1444 58 221 0.0003 0.00385
1445 1445 6807 851 0.00126 0.008219
1446 1446 150 5099 0.01905 0.055729
1447 1447 150 3558 0.00201 0.00444
1448 1448 7209 2934 0.00101 0.00324
1449 1449 1465 4787 0.00105 0.00677
1450 1450 1465 3830 0.00039 0.00502
1451 1451 1465 5648 0.0004 0.00492
1452 1452 1465 4000 0.00051 0.00617
1453 1453 7537 3485 0.0003 0.00314
1454 1454 7537 3830 0.00051 0.00668
1455 1455 7537 5648 0.0005 0.00678
1456 1456 1262 2424 0.002909 0.017
1457 1457 1262 1156 0.00245 0.011281
1458 1458 1262 4914 0.0027 0.01532
1459 1459 1262 4914 0.00105 0.011151
1460 1460 1262 3834 0.00036 0.002669
1461 1461 1262 556 0.0018 0.011169
1462 1462 1262 3019 0.000711 0.007771
1463 1463 1262 7923 0.00036 0.00257
1464 1464 1551 4103 0.00201 0.01195
1465 1465 1551 7862 0.001091 0.00731
1466 1466 1551 5458 0.00105 0.007591
1467 1467 1551 1838 0.00299 0.02256
1468 1468 3070 2888 0.00036 0.00288
1469 1469 4874 4504 0.00589 0.045599
1470 1470 4874 3579 0.00157 0.0127
1471 1471 4874 3579 0.00168 0.011969
1472 1472 4874 7903 0.00289 0.021031
1473 1473 6368 1102 0.00395 0.025211
1474 1474 6368 9217 0.002771 0.021659
1475 1475 6368 5653 0.002979 0.016901
1476 1476 8478 5907 0.007419 0.034021
1477 1477 5241 6921 0.00056 0.00813
1478 1478 4 1813 0.00361 0.015211
1479 1479 8950 7049 0.000409 0.003331
1480 1480 6846 8788 0.004091 0.019599
1481 1481 6846 6734 0.00294 0.012841
1482 1482 4426 5616 0.020771 0.080479
1483 1483 4426 1965 0.00662 0.0513
1484 1484 4426 1767 0.00607 0.04581
1485 1485 3037 1102 0.000669 0.0042
1486 1486 3037 8485 0.001271 0.007419
1487 1487 3037 5653 0.001599 0.012271
1488 1488 5395 4661 0.009599 0.05024
1489 1489 5395 520 0.00149 0.009219
1490 1490 5395 6816 0.01488 0.06724
1491 1491 5395 5918 0.003599 0.024031
1492 1492 5395 5918 0.00519 0.024
1493 1493 8636 1380 0.003461 0.013349
1494 1494 3436 4239 0.00105 0.01236
1495 1495 3436 4239 0.00199 0.012331
1496 1496 3436 3656 0.00711 0.044711
1497 1497 6203 7124 0.006729 0.02543
1498 1498 9059 7124 0.005771 0.02999
1499 1499 5994 96 0.0048 0.021771
1500 1500 5049 306 0.00286 0.02212
1501 1501 718 8397 0.00351 0.02175
1502 1502 718 6982 0.008401 0.0448
1503 1503 7202 8807 0.0018 0.01187
1504 1504 7202 8807 0.001831 0.01163
1505 1505 8592 2995 0.00075 0.00538
1506 1506 6581 823 2e-05 0.00033
1507 1507 6581 1680 1e-05 0.00034
1508 1508 6199 953 0.00023 0.00258
1509 1509 6199 1817 0.00023 0.00252
1510 1510 3231 1504 0.002031 0.008531
1511 1511 3231 7226 0.005349 0.020789
1512 1512 2928 7865 0.0002 0.00082
1513 1513 3916 6891 0.002091 0.011219
1514 1514 6053 171 0.00262 0.016979
1515 1515 6053 171 0.002669 0.01663
1516 1516 8829 3044 0.00025 0.00118
1517 1517 1552 1194 0.00056 0.00715
1518 1518 3912 3740 0.0007 0.00455
1519 1519 3912 2695 0.000331 0.001711
1520 1520 3912 2695 0.00011 0.000781
1521 1521 3912 8877 0.00111 0.00664
1522 1522 7520 8222 0.00066 0.00838
1523 1523 7520 8222 0.00064 0.00854
1524 1524 2421 3610 0.003091 0.017091
1525 1525 2421 1414 0.00643 0.03687
1526 1526 8879 3610 0.00275 0.01937
1527 1527 8397 5918 0.00357 0.021289
1528 1528 1914 6982 0.000289 0.002789
1529 1529 7873 6638 0.002531 0.01345
1530 1530 4562 7702 0.00162 0.012159
1531 1531 4562 7702 0.00262 0.01168
1532 1532 8835 1156 0.00099 0.006081
1533 1533 8835 1233 0.000909 0.005979
1534 1534 3390 408 0.00011 0.0008
1535 1535 3390 7231 0.00011 0.00068
1536 1536 3390 5993 0.00207 0.008341
1537 1537 1910 2550 0.00019 0.001031
1538 1538 3975 7353 0.014039 0.0667
1539 1539 3126 7495 0.004961 0.03043
1540 1540 2689 5753 0.00056 0.003531
1541 1541 1201 4235 0.001461 0.00889
1542 1542 7626 7076 6e-05 0.000419
1543 1543 4823 4060 0.00139 0.005169
1544 1544 4141 1311 0.00069 0.00825
1545 1545 7124 4566 0.004969 0.030781
1546 1546 7124 8873 0.00012 0.000969
1547 1547 6684 5383 0.001091 0.010159
1548 1548 8151 5383 0.000969 0.00887
1549 1549 4357 6619 0.00099 0.006789
1550 1550 8191 8765 0.001031 0.00586
1551 1551 7466 5469 0.00401 0.03345
1552 1552 3401 5351 9.1e-05 0.000349
1553 1553 3760 225 0.00125 0.00745
1554 1554 53 4031 0.003711 0.024219
1555 1555 8222 6921 0.00169 0.02156
1556 1556 8222 6921 0.00171 0.02114
1557 1557 6556 4239 0.00088 0.00562
1558 1558 6556 4239 0.0008 0.00618
1559 1559 2940 7178 0.00161 0.01014
1560 1560 3928 2563 0.00032 0.002031
1561 1561 3928 6521 0.00011 0.000659
1562 1562 1923 3830 0.00042 0.00505
1563 1563 1923 5648 0.00043 0.00494
1564 1564 2815 4914 0.00038 0.000711
1565 1565 2815 4914 0.00037 0.000659
1566 1566 4125 1644 0.00248 0.03096
1567 1567 163 3498 0.00375 0.019729
1568 1568 163 2430 0.00518 0.020021
1569 1569 7943 9108 0.000771 0.003711
1570 1570 7943 1478 0.00076 0.003789
1571 1571 2308 3541 0.000781 0.00574
1572 1572 3535 7582 0.00089 0.00562
1573 1573 2019 8542 0.000331 0.001401
1574 1574 5174 8542 0.000401 0.00137
1575 1575 7945 5215 0.00051 0.003349
1576 1576 2057 9130 0.000461 0.00168
1577 1577 2057 9130 0.000469 0.00164
1578 1578 4661 6816 0.006081 0.03114
1579 1579 7519 776 0.005831 0.02218
1580 1580 8989 3435 0.00013 0.000461
1581 1581 7797 2020 0.00013 0.000461
1582 1582 871 4031 0.00262 0.020289
1583 1583 871 2878 0.00164 0.01194
1584 1584 7353 9164 0.006479 0.02845
1585 1585 7974 2012 0.00294 0.014419
1586 1586 7974 2012 0.00238 0.01463
1587 1587 7974 1750 0.002219 0.00993
1588 1588 1401 2303 0.008651 0.04886
1589 1589 4504 7903 0.00464 0.030979
1590 1590 5837 449 0.00092 0.00889
1591 1591 5837 449 0.00093 0.00869
1592 1592 5837 1817 0.0022 0.03485
1593 1593 5837 2458 0.00074 0.00941
1594 1594 5837 6427 0.00087 0.00884
1595 1595 5837 1730 0.00139 0.01662
1596 1596 9217 594 0.002781 0.022979
1597 1597 6351 5393 0.000521 0.00407
1598 1598 6194 7702 0.008479 0.032841
1599 1599 2503 7491 0.005669 0.02901
1600 1600 4031 2872 0.001031 0.004099
1601 1601 4031 8043 0.00301 0.018719
1602 1602 1813 2866 0.00257 0.01713
1603 1603 5365 5417 0.010461 0.03836
1604 1604 5365 4100 0.001719 0.011531
1605 1605 5365 1556 9.1e-05 0.00056
1606 1606 3894 3865 0.00476 0.025289
1607 1607 128 1554 0.000219 0.00164
1608 1608 198 7994 0.002159 0.01163
1609 1609 198 1554 0.00295 0.01539
1610 1610 2985 3133 0.007789 0.033039
1611 1611 7316 3071 0.00026 0.0013
1612 1612 6486 8992 0.00162 0.013229
1613 1613 8485 594 0.007919 0.04194
1614 1614 682 8477 0.001229 0.00401
1615 1615 5146 5488 0.008021 0.042831
1616 1616 6638 776 0.007711 0.03006
1617 1617 8788 789 0.00261 0.015469
1618 1618 6332 1556 0.00139 0.00536
1619 1619 6332 1556 0.001419 0.00525
1620 1620 1883 7702 0.006289 0.032271
1621 1621 1883 2132 0.011031 0.05625
1622 1622 171 2341 0.001841 0.01324
1623 1623 6630 10 0.000599 0.00186
1624 1624 4484 4239 0.00036 0.001591
1625 1625 3044 4235 0.003849 0.027651
1626 1626 851 4454 0.00186 0.00874
1627 1627 3485 2183 0.00025 0.00285
1628 1628 1156 7923 0.00207 0.008841
1629 1629 1156 1233 6e-05 0.00039
1630 1630 8913 4852 0.002159 0.008909
1631 1631 4039 1233 0.000219 0.00039
1632 1632 4914 2653 0.00011 0.000521
1633 1633 4914 2653 0.00011 0.00049
1634 1634 4914 556 0.000771 0.003789
1635 1635 4914 3019 0.000229 0.002849
1636 1636 7994 5256 0.00445 0.027599
1637 1637 1709 3346 0.00218 0.02
1638 1638 1709 8468 0.00074 0.00865
1639 1639 7702 1234 0.002531 0.019419
1640 1640 7702 8035 0.003 0.01631
1641 1641 8677 3331 0.008461 0.025081
1642 1642 8189 3643 0.00382 0.013669
1643 1643 3133 8477 0.002581 0.01814
1644 1644 6744 6101 0.00201 0.012219
1645 1645 8542 4313 0.00087 0.001599
1646 1646 769 5233 0.00455 0.02394
1647 1647 1965 5926 0.005651 0.041771
1648 1648 9014 3999 0.00069 0.001271
1649 1649 1917 8406 0.00068 0.00269
1650 1650 1917 2021 0.00036 0.00261
1651 1651 1917 8293 0.001669 0.012031
1652 1652 4738 3656 0.009669 0.03513
1653 1653 4738 8477 0.001099 0.00862
1654 1654 7998 1644 0.0005 0.00711
1655 1655 6734 1015 0.003919 0.017781
1656 1656 6734 8992 0.00161 0.019781
1657 1657 6734 789 0.0007 0.01256
1658 1658 5004 5393 0.000409 0.0018
1659 1659 1708 3906 2e-05 0.00043
1660 1660 9150 3906 3e-05 0.0004
1661 1661 280 9158 0.00968 0.056659
1662 1662 8043 3656 0.003969 0.02925
1663 1663 5712 8992 0.00219 0.01468
1664 1664 5712 8466 0.000401 0.003159
1665 1665 5712 6880 0.000531 0.003
1666 1666 5215 7266 0.00136 0.00576
1667 1667 8807 8992 0.000849 0.006289
1668 1668 8807 8992 0.000841 0.006409
1669 1669 8807 8992 0.00045 0.00506
1670 1670 218 2088 0.003669 0.02988
1671 1671 520 5918 0.002 0.01568
1672 1672 2653 2128 0.00031 0.0008
1673 1673 1216 5233 0.00043 0.00038
1674 1674 8980 5993 0.00043 0.002229
1675 1675 5212 5993 0.00049 0.00218
1676 1676 3656 4060 0.00282 0.01844
1677 1677 883 3331 0.00462 0.014849
1678 1678 5144 3346 0.00263 0.04076
1679 1679 3498 2563 0.01062 0.056719
1680 1680 1896 8200 0.0001 0.00105
1681 1681 9130 8864 0.00239 0.017341
1682 1682 3503 2510 0.001341 0.010581
1683 1683 3503 6146 0.00101 0.007599
1684 1684 401 1584 0.00011 0.000289
1685 1685 7328 6921 0.00146 0.01769
1686 1686 7328 6921 0.0013 0.02004
1687 1687 6816 5573 0.007909 0.028349
1688 1688 7396 8564 0.00012 0.00049
1689 1689 7396 8564 0.00012 0.000479
1690 1690 6921 432 0.00076 0.01018
1691 1691 6921 432 0.0009 0.00865
1692 1692 6921 432 0.00096 0.01294
1693 1693 6921 432 0.0004 0.00756
1694 1694 6921 432 0.00039 0.00771
1695 1695 6921 8200 0.00163 0.02291
1696 1696 2949 3121 0.00636 0.03855
1697 1697 2949 3121 0.00639 0.03863
1698 1698 953 1730 0.00113 0.01362
1699 1699 1767 892 0.00861 0.05318
1700 1700 4674 4889 0.0012 0.004669
1701 1701 4674 7076 0.00018 0.001091
1702 1702 1234 8035 0.001401 0.00612
1703 1703 115 225 0.00068 0.00387
1704 1704 5720 8578 0.0043 0.033591
1705 1705 3579 5469 0.003039 0.01911
1706 1706 3246 124 6e-05 0.00111
1707 1707 8846 4783 5e-05 0.001091
1708 1708 2393 3306 3.9e-05 0.00089
1709 1709 1895 4480 3.9e-05 0.000901
1710 1710 678 4454 0.000169 0.00111
1711 1711 1002 4852 0.000331 0.0027
1712 1712 6429 2012 0.00026 0.00369
1713 1713 4889 7076 0.000341 0.00274
1714 1714 5341 7491 0.00038 0.00506
1715 1715 2563 6521 0.00012 0.000831
1716 1716 1111 594 0.003031 0.0123
1717 1717 4747 7791 0.001521 0.00774
1718 1718 3906 3022 0.00059 0.00552
1719 1719 3906 1194 0.00053 0.00625
1720 1720 5993 8804 0.00143 0.01076
1721 1721 1798 8487 0.00056 0.00593
1722 1722 2467 7178 0.00205 0.01461
1723 1723 2132 2303 0.01068 0.054521
1724 1724 8992 8466 0.00194 0.011039
1725 1725 8992 6880 0.00131 0.010099
1726 1726 8992 2995 0.001289 0.014229
1727 1727 805 3221 0.00455 0.027031
1728 1728 805 3327 0.00239 0.01414
1729 1729 805 8310 0.004039 0.029669
1730 1730 805 2088 0.001099 0.007771
1731 1731 5383 2021 0.00082 0.00762
1732 1732 5383 4114 0.000719 0.0033
1733 1733 5383 5519 0.000599 0.00361
1734 1734 5383 8293 0.000521 0.004039
1735 1735 5383 3435 0.000901 0.0088
1736 1736 7507 6990 0.000781 0.00306
1737 1737 7507 2406 0.000419 0.00399
1738 1738 7507 2020 0.000841 0.009841
1739 1739 6478 6146 0.004021 0.03064
1740 1740 4852 2695 0.0023 0.009031
1741 1741 4852 2695 0.002081 0.009469
1742 1742 4852 5502 0.00164 0.008831
1743 1743 4852 8877 0.00094 0.00488
1744 1744 4852 9119 0.000901 0.00551
1745 1745 4852 1151 0.00051 0.005961
1746 1746 2012 1750 0.00113 0.004349
1747 1747 1478 6616 0.002081 0.013031
1748 1748 809 4594 0.00116 0.01438
1749 1749 8656 4729 0.00013 0.001031
1750 1750 4100 615 0.00036 0.002659
1751 1751 4060 5393 0.000771 0.004539
1752 1752 9203 2426 0.000695 0.049098
1753 1753 9203 2426 0.000355 0.024893
1754 1754 118 2426 0.000365 0.024372
1755 1755 3145 7770 0.000411 0.023652
1756 1756 7267 4918 0.000386 0.025673
1757 1757 7267 4918 0.000344 0.029336
1758 1758 839 4506 0.000653 0.052104
1759 1759 839 4506 0.000767 0.043531
1760 1760 3445 6114 0.000323 0.028314
1761 1761 3445 6114 0.000323 0.025999
1762 1762 3445 7264 0.000365 0.025478
1763 1763 891 6306 0.00086 0.039291
1764 1764 720 1711 0.000355 0.026586
1765 1765 720 1711 0.000375 0.026313
1766 1766 6206 3240 0.000344 0.023329
1767 1767 6206 3240 0.000302 0.026375
1768 1768 9174 2924 0.000788 0.04323
1769 1769 9174 2924 0.000767 0.04407
1770 1770 1355 5856 0.000767 0.043562
1771 1771 1355 5856 0.000788 0.041281
1772 1772 1355 5856 0.000892 0.040524
1773 1773 3205 4683 0.000975 0.043562
1774 1774 3205 4683 0.000757 0.042649
1775 1775 5350 2361 0.000261 0.030762
1776 1776 5350 2361 0.000261 0.030088
1777 1777 5016 6112 0.000323 0.026447
1778 1778 5016 8860 0.000323 0.026885
1779 1779 7471 549 0.000323 0.02748
1780 1780 7471 549 0.000292 0.028158
1781 1781 549 5002 0 0.009197
1782 1782 5490 3817 0.000736 0.044526
1783 1783 2854 9112 0.00086 0.039488
1784 1784 2918 6532 0.000365 0.024372
1785 1785 2918 6532 0.000375 0.023986
1786 1786 4494 7284 0.000386 0.025673
1787 1787 2656 1775 0.000809 0.042318
1788 1788 3519 5641 0.000705 0.042038
1789 1789 3543 367 0.000334 0.028022
1790 1790 3543 1833 0.000353 0.022403
1791 1791 2372 367 0.000313 0.026354
1792 1792 2372 367 0.000323 0.025478
1793 1793 1876 7752 0.000344 0.024622
1794 1794 113 7752 0.000355 0.024038
1795 1795 3499 7289 0.000881 0.038244
1796 1796 3499 7289 0.000757 0.040959
1797 1797 3082 2083 0.000354 0.028765
1798 1798 6224 2083 0.000354 0.027114
1799 1799 2174 2083 0.000695 0.04748
1800 1800 4623 1609 0.000323 0.028314
1801 1801 4623 1609 0.000323 0.026354
1802 1802 4623 1609 0.000323 0.025696
1803 1803 5589 1001 0.000355 0.027305
1804 1804 5589 1001 0.000355 0.026666
1805 1805 5589 1001 0.000923 0.037456
1806 1806 5589 1001 0.000788 0.035217
1807 1807 1198 7473 0.000323 0.026739
1808 1808 1198 7473 0.000323 0.02749
1809 1809 2479 5482 0.000313 0.027324
1810 1810 2479 5482 0.000313 0.028074
1811 1811 7831 5525 0.000601 0.024984
1812 1812 7831 5525 0.000715 0.022797
1813 1813 7831 5525 0.000344 0.024893
1814 1814 4970 7955 0.000365 0.024163
1815 1815 4970 7955 0.000344 0.02385
1816 1816 5007 7367 0.000757 0.040182
1817 1817 757 3758 0.000323 0.028937
1818 1818 3697 6952 0.000354 0.026958
1819 1819 3697 6952 0.000778 0.045656
1820 1820 3697 6952 0.000695 0.048932
1821 1821 3697 6952 0.000302 0.025926
1822 1822 6738 8180 0.000355 0.027328
1823 1823 6738 8180 0.000365 0.027156
1824 1824 9222 5935 0.000355 0.024299
1825 1825 7988 804 0.000375 0.026313
1826 1826 7988 804 0.000375 0.025605
1827 1827 3239 1539 0.000334 0.026291
1828 1828 3239 1539 0.000705 0.046735
1829 1829 2056 4084 0.000313 0.026875
1830 1830 2056 4084 0.000302 0.027376
1831 1831 4598 5110 0.000664 0.044868
1832 1832 2129 5110 0.000809 0.044526
1833 1833 5658 5550 0.00086 0.034253
1834 1834 5658 5550 0.000355 0.024372
1835 1835 2848 1526 0.000365 0.023788
1836 1836 4541 7464 0.000375 0.023204
1837 1837 4541 7464 0.000302 0.026593
1838 1838 1754 3857 0.000323 0.029256
1839 1839 1754 3857 0.000334 0.029986
1840 1840 1754 3857 0.000355 0.030979
1841 1841 2518 4544 0.000302 0.025707
1842 1842 2518 4544 0.000344 0.025405
1843 1843 3069 6115 0.00012 0.008908
1844 1844 5067 7641 0.000365 0.023715
1845 1845 6036 8670 0.000365 0.023517
1846 1846 6036 5522 0.000334 0.026812
1847 1847 8486 8791 0.000695 0.047253
1848 1848 7530 8791 0.000778 0.043759
1849 1849 7522 7571 0.000313 0.030636
1850 1850 7522 7571 0.000313 0.028286
1851 1851 7522 7571 0.000344 0.028115
1852 1852 2526 1483 0.000902 0.039425
1853 1853 2365 8316 0.000355 0.024237
1854 1854 8672 1860 0.000375 0.023986
1855 1855 8672 1860 0.000375 0.023861
1856 1856 1494 583 0.000819 0.04153
1857 1857 1494 583 0.000809 0.042701
1858 1858 1502 2795 0.000334 0.028022
1859 1859 8195 933 0.000632 0.048237
1860 1860 8195 933 0.000632 0.045159
1861 1861 8195 933 0.000715 0.044039
1862 1862 3918 6802 0.00074 0.044479
1863 1863 3918 4025 0.00074 0.043811
1864 1864 4435 2079 0.000375 0.02385
1865 1865 4435 2079 0.000365 0.023267
1866 1866 4435 2079 0.000323 0.026739
1867 1867 1081 7361 0.000684 0.047025
1868 1868 9101 2177 0.000313 0.02748
1869 1869 6555 8475 0.000323 0.028554
1870 1870 6555 8475 0.000302 0.026437
1871 1871 7056 7577 0.000365 0.025551
1872 1872 7056 7577 0.000344 0.024893
1873 1873 7056 9051 0.000375 0.024508
1874 1874 6889 6785 0.000778 0.041157
1875 1875 6889 6785 0.000923 0.03702
1876 1876 6889 6785 0.000302 0.026593
1877 1877 1027 7148 0.000344 0.029667
1878 1878 1027 44 0.000334 0.02748
1879 1879 5308 7148 0.000323 0.030636
1880 1880 5308 44 0.000323 0.028526
1881 1881 9213 6231 0.000344 0.025332
1882 1882 9213 8291 0.000334 0.024674
1883 1883 9213 6842 0.000344 0.02457
1884 1884 3608 6664 0.000365 0.023788
1885 1885 4339 6570 0.000365 0.023601
1886 1886 4339 6570 0.000344 0.02652
1887 1887 7513 6570 0.000344 0.027272
1888 1888 7513 6570 0.000334 0.027563
1889 1889 8887 6639 0.000313 0.030636
1890 1890 8887 6639 0.000313 0.028286
1891 1891 5461 4816 0.000881 0.036803
1892 1892 5461 4816 0.000902 0.036668
1893 1893 5461 4816 0.000881 0.034014
1894 1894 5460 3786 0.000365 0.026027
1895 1895 5460 3786 0.000386 0.025673
1896 1896 7256 4491 0.00012 0.011186
1897 1897 6153 58 0.00017 0.006789
1898 1898 6153 6807 0.000664 0.047107
1899 1899 1465 1262 0.000313 0.028314
1900 1900 1465 1262 0.000334 0.025707
1901 1901 1465 1551 0.000344 0.025478
1902 1902 7537 1551 0.000344 0.027236
1903 1903 7537 1551 0.000375 0.026518
1904 1904 6901 4874 0.000386 0.02646
1905 1905 5241 4 0.000788 0.040317
1906 1906 7520 561 0.000323 0.025863
1907 1907 749 4324 1e-05 0.022863
1908 1908 4141 7124 0.000334 0.030306
1909 1909 4141 7124 0.000302 0.030636
1910 1910 7466 3649 0.00011 0.010476
1911 1911 8222 6556 0.000344 0.024841
1912 1912 8222 6556 0.000365 0.025029
1913 1913 8222 6556 0.000355 0.024101
1914 1914 4125 163 0.000344 0.02385
1915 1915 4125 163 0.000411 0.02313
1916 1916 4125 163 0.000829 0.042764
1917 1917 5837 9217 0.000705 0.04748
1918 1918 5837 1448 0.000323 0.029986
1919 1919 5837 1448 0.000302 0.029952
1920 1920 8267 5365 0.000746 0.041064
1921 1921 8267 5365 0.000881 0.042214
1922 1922 2359 8005 0.00086 0.041209
1923 1923 2359 8005 0.000912 0.038669
1924 1924 8109 171 0.000375 0.026244
1925 1925 8109 171 0.000375 0.025457
1926 1926 3485 1156 0.000302 0.029096
1927 1927 4734 2229 0.000302 0.029667
1928 1928 1709 7702 0.000334 0.027563
1929 1929 1709 7702 0.000323 0.028074
1930 1930 905 8189 0.000736 0.041064
1931 1931 8334 8189 0.001234 0.040109
1932 1932 8334 8189 0.000757 0.043209
1933 1933 7998 6734 0.000323 0.026586
1934 1934 4196 280 0.000788 0.040296
1935 1935 4196 280 0.000912 0.040514
1936 1936 6475 3503 0.000798 0.042183
1937 1937 6475 3503 0.000778 0.043147
1938 1938 7328 4235 0.000323 0.027793
1939 1939 7328 4235 0.000302 0.027918
1940 1940 7328 4235 0.000302 0.025926
1941 1941 6921 2949 0.000344 0.024956
1942 1942 6921 2949 0.000355 0.024435
1943 1943 3830 306 0.000386 0.026392
1944 1944 5648 306 0.000365 0.025525
1945 1945 1730 115 0.000344 0.029986
1946 1946 1730 115 0.000323 0.029838
1947 1947 2721 5720 0.000323 0.02748
1948 1948 2721 5720 0.000313 0.028001
1949 1949 432 3246 0.000179 0.012988
1950 1950 432 8846 0.000198 0.012724
1951 1951 432 2393 0.000207 0.012469
1952 1952 432 1895 0.000207 0.012206
1953 1953 432 3412 0.000217 0.012912
1954 1954 432 5586 0.000217 0.012627
1955 1955 432 3112 0.000198 0.014317
1956 1956 432 3112 0.000189 0.014592
1957 1957 432 7857 0.000354 0.02725
1958 1958 960 8497 0.000628 0.042428
1959 1959 960 8497 0.000726 0.044039
1960 1960 3577 5907 0.000365 0.024893
1961 1961 3577 5907 0.000438 0.02457
1962 1962 3577 5907 0.000365 0.023986
1963 1963 7164 5918 0.000375 0.023267
1964 1964 7164 5918 0.000323 0.026375
1965 1965 1798 2467 0.000334 0.029735
1966 1966 1798 2467 0.000313 0.030237
1967 1967 3346 2132 0.000767 0.044049
1968 1968 3346 2132 0.000302 0.026072
1969 1969 3346 2132 0.00085 0.039892
1970 1970 3483 8992 0.000344 0.024956
1971 1971 8886 8992 0.000334 0.026666
1972 1972 2093 805 0.000365 0.023788
1973 1973 2093 805 0.000365 0.023465
1974 1974 221 1541 0.000334 0.026447
1975 1975 8347 5383 0.000323 0.027042
1976 1976 8347 5383 0.000313 0.02748
1977 1977 8347 5383 0.000302 0.028314
1978 1978 8347 7507 0.000323 0.025853
1979 1979 8347 7507 0.000365 0.026197
1980 1980 8347 7507 0.000365 0.025165
1981 1981 4000 4852 0.000355 0.024237
1982 1982 4000 2012 0.000375 0.024247
1983 1983 2183 4852 0.000365 0.023267
1984 1984 2183 2012 0.000342 0.023139
1985 1985 1642 7098 0.000344 0.026666
1986 1986 1642 687 0.000334 0.027021
1987 1987 809 7098 0.000302 0.027615
1988 1988 809 687 0.000313 0.026135
1989 1989 4594 8804 0.000365 0.025905
1990 1990 4594 8804 0.000355 0.025238
1991 1991 2919 4215 0.000334 0.026814
